Standard Deviation of Differences: 20.044374
Mean Value of Absolute Values of Diffrences: 14.424303
Max Value of Absolute Values of Differences: 116.932175
 
  Real Values  |  Predictions  |  Differences  
   [128.13]       [96.4531]      [31.676903] 
   [62.97]        [63.055763]    [-0.08576202]
   [76.79]        [50.99251]     [25.79749]  
   [92.44]        [96.95693]     [-4.5169296]
   [249.03]       [232.66376]    [16.366241] 
   [134.21]       [120.1844]     [14.025604] 
   [85.03]        [90.26153]     [-5.231529] 
   [145.66]       [133.5512]     [12.10881]  
   [90.9]         [78.95783]     [11.942169] 
   [118.31]       [119.41929]    [-1.1092911]
   [86.2]         [113.676285]   [-27.476288]
   [229.41]       [197.67415]    [31.735855] 
   [61.36]        [106.33757]    [-44.97757] 
   [70.24]        [74.74587]     [-4.5058746]
   [46.5]         [46.350246]    [0.14975357]
   [141.16]       [117.18058]    [23.979424] 
   [81.3]         [94.471924]    [-13.171921]
   [159.13]       [110.34007]    [48.789932] 
   [105.88]       [109.20836]    [-3.3283615]
   [76.43]        [73.04298]     [3.387024]  
   [161.08]       [115.52986]    [45.55014]  
   [247.84]       [249.36223]    [-1.522232] 
   [59.78]        [73.64929]     [-13.869293]
   [69.96]        [71.32047]     [-1.3604736]
   [83.33]        [100.245575]   [-16.915573]
   [119.03]       [111.36213]    [7.6678696] 
   [86.26]        [73.8652]      [12.394806] 
   [88.77]        [83.89615]     [4.873848]  
   [27.26]        [30.41838]     [-3.1583805]
   [42.57]        [55.538918]    [-12.968918]
   [198.76]       [207.92516]    [-9.165161] 
   [130.55]       [117.758415]   [12.791588] 
   [126.19]       [136.1319]     [-9.941895] 
   [91.08]        [67.778694]    [23.301308] 
   [112.67]       [118.58644]    [-5.916443] 
   [81.2]         [88.51043]     [-7.3104324]
   [128.69]       [109.641304]   [19.048698] 
   [234.44]       [257.1392]     [-22.699188]
   [125.38]       [152.0677]     [-26.687706]
   [42.]          [38.695385]    [3.304615]  
   [59.37]        [66.67543]     [-7.3054314]
   [61.08]        [64.57127]     [-3.491272] 
   [138.01]       [137.74991]    [0.26008606]
   [229.69]       [266.9325]     [-37.242493]
   [169.64]       [184.93439]    [-15.294388]
   [53.26]        [38.393517]    [14.866482] 
   [34.58]        [40.8814]      [-6.301399] 
   [77.42]        [95.914925]    [-18.494926]
   [213.89]       [217.11461]    [-3.2246094]
   [63.86]        [60.538895]    [3.321106]  
   [76.77]        [81.01922]     [-4.249222] 
   [81.23]        [71.90805]     [9.321953]  
   [88.58]        [85.54159]     [3.038414]  
   [106.77]       [108.91892]    [-2.1489258]
   [332.49]       [339.16833]    [-6.6783447]
   [70.42]        [74.20861]     [-3.7886124]
   [95.85]        [88.72305]     [7.1269455] 
   [139.76]       [134.76323]    [4.996765]  
   [88.78]        [84.74659]     [4.033409]  
   [283.04]       [271.44647]    [11.593536] 
   [92.01]        [89.18824]     [2.821762]  
   [131.]         [129.11333]    [1.886673]  
   [52.45]        [89.463234]    [-37.013233]
   [155.96]       [156.42694]    [-0.4669342]
   [68.35]        [100.73205]    [-32.38205] 
   [125.61]       [121.5621]     [4.0478973] 
   [148.4]        [182.88823]    [-34.488235]
   [56.46]        [71.945114]    [-15.485115]
   [78.76]        [93.33009]     [-14.570091]
   [99.8]         [104.98497]    [-5.184967] 
   [80.6]         [93.852715]    [-13.252716]
   [179.13]       [176.4117]     [2.7183075] 
   [235.18]       [244.5598]     [-9.3798065]
   [123.67]       [80.50723]     [43.162766] 
   [59.59]        [66.82717]     [-7.237171] 
   [247.02]       [234.29407]    [12.725937] 
   [72.03]        [60.083736]    [11.946262] 
   [129.75]       [152.09872]    [-22.348724]
   [105.53]       [101.092285]   [4.4377136] 
   [73.61]        [84.47229]     [-10.862289]
   [93.27]        [96.760155]    [-3.490158] 
   [23.25]        [15.468108]    [7.781892]  
   [101.06]       [108.19609]    [-7.136093] 
   [55.2]         [59.788944]    [-4.5889435]
   [110.76]       [100.59936]    [10.160645] 
   [70.71]        [99.2059]      [-28.495903]
   [35.37]        [30.58291]     [4.7870884] 
   [100.45]       [102.07528]    [-1.6252823]
   [123.27]       [125.59815]    [-2.3281555]
   [268.37]       [229.45992]    [38.91008]  
   [212.67]       [195.54927]    [17.120728] 
   [43.33]        [37.60605]     [5.7239532] 
   [190.7]        [201.94884]    [-11.24884] 
   [56.61]        [69.27795]     [-12.667946]
   [72.33]        [92.346535]    [-20.016533]
   [125.86]       [147.09326]    [-21.233261]
   [79.01]        [84.2825]      [-5.272499] 
   [163.95]       [179.04866]    [-15.098663]
   [115.34]       [127.37968]    [-12.0396805]
   [83.71]        [60.604725]    [23.105274] 
   [65.9]         [86.58075]     [-20.680748]
   [100.31]       [46.61213]     [53.69787]  
   [88.02]        [87.853386]    [0.16661072]
   [228.24]       [184.81398]    [43.426025] 
   [121.11]       [83.38185]     [37.72815]  
   [45.77]        [47.721645]    [-1.9516449]
   [161.93]       [206.80681]    [-44.876816]
   [257.02]       [260.1483]     [-3.128296] 
   [235.39]       [212.36246]    [23.027542] 
   [128.13]       [148.21889]    [-20.088882]
   [64.2]         [73.847275]    [-9.647278] 
   [233.77]       [227.89792]    [5.8720856] 
   [74.39]        [94.283325]    [-19.893326]
   [131.54]       [111.198715]   [20.341278] 
   [114.09]       [130.48935]    [-16.399353]
   [112.7]        [148.22916]    [-35.52916] 
   [107.96]       [104.04897]    [3.911026]  
   [75.17]        [63.051945]    [12.118053] 
   [259.81]       [261.45206]    [-1.6420593]
   [126.61]       [131.31892]    [-4.7089233]
   [104.72]       [94.325386]    [10.394615] 
   [99.65]        [97.68687]     [1.9631348] 
   [212.82]       [186.79933]    [26.020676] 
   [149.67]       [182.64314]    [-32.973145]
   [169.5]        [129.58658]    [39.91342]  
   [207.94]       [197.55582]    [10.384186] 
   [100.15]       [69.76076]     [30.389244] 
   [112.26]       [123.41556]    [-11.155556]
   [128.66]       [133.36069]    [-4.7006836]
   [106.95]       [124.463394]   [-17.513397]
   [421.9]        [366.99933]    [54.900665] 
   [231.9]        [237.79555]    [-5.8955536]
   [227.78]       [231.44986]    [-3.6698608]
   [87.06]        [44.008686]    [43.05131]  
   [59.76]        [57.91179]     [1.8482094] 
   [267.83]       [271.2672]     [-3.4372253]
   [122.36]       [112.20318]    [10.156822] 
   [84.96]        [95.104294]    [-10.144295]
   [75.22]        [83.90051]     [-8.680511] 
   [273.61]       [248.77316]    [24.836823] 
   [200.72]       [221.7937]     [-21.0737]  
   [93.46]        [79.90026]     [13.559738] 
   [131.27]       [145.70197]    [-14.431961]
   [112.27]       [106.8127]     [5.4572983] 
   [65.96]        [75.05521]     [-9.095207] 
   [152.45]       [145.24405]    [7.205948]  
   [55.68]        [43.58291]     [12.097092] 
   [75.56]        [82.688774]    [-7.1287766]
   [107.7]        [96.988785]    [10.711212] 
   [54.94]        [48.904137]    [6.035862]  
   [135.59]       [149.88638]    [-14.296387]
   [89.97]        [107.50376]    [-17.53376] 
   [145.29]       [211.38422]    [-66.09422] 
   [141.55]       [102.215614]   [39.33439]  
   [217.55]       [255.86415]    [-38.314148]
   [87.9]         [98.352554]    [-10.452553]
   [105.47]       [110.88905]    [-5.419052] 
   [188.95]       [208.91081]    [-19.960815]
   [242.84]       [214.92432]    [27.91568]  
   [131.9]        [118.55887]    [13.3411255]
   [77.52]        [96.179695]    [-18.659698]
   [237.77]       [236.09781]    [1.6721954] 
   [37.46]        [52.352898]    [-14.892899]
   [151.4]        [138.09415]    [13.305847] 
   [83.08]        [91.42256]     [-8.34256]  
   [96.62]        [97.31417]     [-0.6941681]
   [93.11]        [99.27217]     [-6.1621704]
   [35.02]        [33.15896]     [1.861042]  
   [102.23]       [98.775734]    [3.4542694] 
   [111.58]       [95.51079]     [16.069214] 
   [102.69]       [108.80416]    [-6.1141586]
   [88.56]        [51.738464]    [36.821533] 
   [216.27]       [220.74776]    [-4.4777527]
   [75.23]        [95.829636]    [-20.599632]
   [122.97]       [150.12059]    [-27.150589]
   [79.28]        [70.76934]     [8.510658]  
   [62.24]        [67.90715]     [-5.6671486]
   [232.02]       [261.38986]    [-29.369858]
   [81.74]        [97.9166]      [-16.176605]
   [67.64]        [63.67261]     [3.9673882] 
   [181.2]        [185.67929]    [-4.479294] 
   [229.49]       [211.6632]     [17.826813] 
   [143.2]        [167.73006]    [-24.53006] 
   [16.37]        [18.414005]    [-2.0440044]
   [103.72]       [106.34267]    [-2.6226654]
   [136.84]       [152.93]       [-16.089996]
   [227.14]       [244.7125]     [-17.572495]
   [133.52]       [147.02092]    [-13.500916]
   [110.09]       [136.86404]    [-26.774048]
   [116.57]       [94.26317]     [22.306831] 
   [116.82]       [201.19656]    [-84.376564]
   [271.93]       [245.26433]    [26.665665] 
   [130.13]       [115.871254]   [14.258751] 
   [113.63]       [118.98343]    [-5.3534317]
   [92.2]         [88.34657]     [3.853424]  
   [98.4]         [113.10815]    [-14.708145]
   [164.1]        [159.59534]    [4.504669]  
   [75.43]        [69.70602]     [5.723984]  
   [78.04]        [85.628716]    [-7.5887146]
   [257.58]       [243.59505]    [13.98494]  
   [92.17]        [105.65439]    [-13.48439] 
   [78.87]        [62.41124]     [16.458763] 
   [266.25]       [287.09912]    [-20.849121]
   [45.92]        [47.222076]    [-1.3020782]
   [114.98]       [118.50777]    [-3.5277634]
   [62.49]        [50.61319]     [11.876812] 
   [74.28]        [74.608925]    [-0.3289261]
   [119.35]       [128.47426]    [-9.12426]  
   [308.48]       [290.8534]     [17.626617] 
   [59.68]        [65.75156]     [-6.071556] 
   [211.32]       [196.60873]    [14.711273] 
   [89.37]        [107.64573]    [-18.275726]
   [100.63]       [104.42681]    [-3.796814] 
   [39.22]        [43.49298]     [-4.2729797]
   [97.65]        [81.40095]     [16.249054] 
   [25.01]        [41.489216]    [-16.479216]
   [132.78]       [127.741104]   [5.0388947] 
   [100.61]       [111.15008]    [-10.540077]
   [128.92]       [132.07066]    [-3.1506653]
   [85.68]        [87.89802]     [-2.2180176]
   [242.11]       [272.56985]    [-30.459854]
   [94.08]        [74.675316]    [19.404686] 
   [127.33]       [102.3017]     [25.028305] 
   [72.35]        [78.23801]     [-5.888008] 
   [21.48]        [27.207445]    [-5.7274456]
   [80.38]        [90.583885]    [-10.203888]
   [202.19]       [224.59175]    [-22.401749]
   [172.77]       [94.37182]     [78.398186] 
   [92.74]        [106.21975]    [-13.479752]
   [115.36]       [113.66005]    [1.6999512] 
   [62.05]        [59.199646]    [2.8503532] 
   [222.97]       [260.24063]    [-37.27063] 
   [102.8]        [108.22841]    [-5.428406] 
   [99.21]        [99.17048]     [0.03952026]
   [138.44]       [192.5368]     [-54.0968]  
   [99.42]        [99.081055]    [0.33894348]
   [65.79]        [68.60484]     [-2.8148422]
   [45.21]        [45.465107]    [-0.25510788]
   [80.33]        [83.36344]     [-3.0334396]
   [212.68]       [207.46556]    [5.214432]  
   [230.27]       [240.47728]    [-10.207275]
   [92.37]        [129.66943]    [-37.29943] 
   [118.22]       [122.087845]   [-3.8678436]
   [111.41]       [131.37163]    [-19.961624]
   [74.04]        [62.632042]    [11.407959] 
   [72.05]        [77.49792]     [-5.447914] 
   [191.97]       [211.11957]    [-19.149567]
   [144.36]       [139.31448]    [5.045517]  
   [246.71]       [239.62881]    [7.081192]  
   [53.07]        [48.31158]     [4.758419]  
   [101.7]        [89.078316]    [12.621681] 
   [117.91]       [104.98753]    [12.92247]  
   [171.43]       [179.80766]    [-8.37767]  
   [79.84]        [83.62244]     [-3.7824402]
   [230.66]       [189.41618]    [41.24382]  
   [74.96]        [33.929325]    [41.030674] 
   [149.21]       [145.15625]    [4.0537567] 
   [68.84]        [68.27444]     [0.5655594] 
   [89.13]        [89.32993]     [-0.19993591]
   [165.75]       [129.814]      [35.936005] 
   [86.44]        [101.883705]   [-15.443703]
   [64.13]        [74.60299]     [-10.472992]
   [140.92]       [241.50763]    [-100.58763]
   [161.54]       [142.85796]    [18.682037] 
   [81.11]        [93.63775]     [-12.527748]
   [125.19]       [142.10034]    [-16.91034] 
   [172.83]       [167.97543]    [4.8545685] 
   [253.41]       [247.7153]     [5.694702]  
   [50.85]        [88.34846]     [-37.49846] 
   [113.72]       [128.3671]     [-14.647095]
   [117.66]       [105.80073]    [11.859276] 
   [210.43]       [176.36716]    [34.062836] 
   [123.53]       [101.72065]    [21.80935]  
   [148.03]       [183.54234]    [-35.512344]
   [74.33]        [71.32658]     [3.0034256] 
   [45.8]         [58.3941]      [-12.594101]
   [103.43]       [95.344955]    [8.085045]  
   [128.13]       [135.79051]    [-7.660507] 
   [77.6]         [69.282394]    [8.317604]  
   [31.73]        [36.548115]    [-4.818115] 
   [159.37]       [160.60144]    [-1.2314453]
   [224.73]       [260.53238]    [-35.802383]
   [246.08]       [266.57364]    [-20.493637]
   [145.01]       [132.05829]    [12.951706] 
   [388.51]       [379.55505]    [8.954956]  
   [174.99]       [168.93361]    [6.0563965] 
   [110.85]       [137.67809]    [-26.828087]
   [147.77]       [84.89212]     [62.877884] 
   [68.62]        [52.644646]    [15.975357] 
   [60.45]        [60.15743]     [0.29257202]
   [134.26]       [127.75161]    [6.5083847] 
   [67.01]        [71.18543]     [-4.1754303]
   [48.23]        [45.816494]    [2.4135056] 
   [135.57]       [138.72102]    [-3.1510162]
   [86.71]        [95.14801]     [-8.438011] 
   [91.55]        [92.28039]     [-0.7303848]
   [76.5]         [75.57332]     [0.9266815] 
   [117.31]       [117.13101]    [0.1789856] 
   [65.35]        [104.53331]    [-39.18331] 
   [139.15]       [147.6771]     [-8.5271]   
   [208.72]       [216.03012]    [-7.3101196]
   [128.13]       [132.52202]    [-4.3920135]
   [97.63]        [96.515594]    [1.1144028] 
   [217.68]       [207.99966]    [9.680328]  
   [75.34]        [75.35066]     [-0.01066589]
   [113.04]       [101.65383]    [11.386169] 
   [117.13]       [124.07871]    [-6.948715] 
   [48.42]        [50.343975]    [-1.9239769]
   [194.82]       [178.85826]    [15.961746] 
   [72.46]        [75.613266]    [-3.153267] 
   [115.94]       [87.6734]      [28.266602] 
   [141.4]        [154.01547]    [-12.6154785]
   [79.5]         [83.71017]     [-4.210167] 
   [78.57]        [86.75953]     [-8.189529] 
   [108.97]       [128.70192]    [-19.731918]
   [108.24]       [114.79331]    [-6.553314] 
   [68.58]        [72.189835]    [-3.6098328]
   [86.22]        [92.07681]     [-5.8568115]
   [108.38]       [105.239845]   [3.140152]  
   [93.7]         [77.57659]     [16.123405] 
   [113.6]        [110.36547]    [3.2345276] 
   [43.91]        [62.32725]     [-18.417252]
   [88.25]        [102.33118]    [-14.081177]
   [32.92]        [46.401257]    [-13.481258]
   [132.04]       [113.03726]    [19.002731] 
   [106.63]       [100.80047]    [5.829529]  
   [105.42]       [90.72332]     [14.696678] 
   [131.96]       [110.38518]    [21.57483]  
   [99.45]        [119.76231]    [-20.31231] 
   [252.43]       [307.6363]     [-55.2063]  
   [74.44]        [91.0894]      [-16.649399]
   [60.13]        [79.4339]      [-19.303898]
   [245.91]       [229.11021]    [16.79979]  
   [134.83]       [125.04316]    [9.786842]  
   [62.58]        [72.63496]     [-10.054955]
   [97.02]        [82.17269]     [14.847305] 
   [171.88]       [193.80061]    [-21.920609]
   [145.53]       [174.3789]     [-28.848907]
   [81.4]         [91.00585]     [-9.60585]  
   [82.59]        [95.61099]     [-13.020996]
   [129.87]       [126.7971]     [3.0728989] 
   [210.]         [216.47714]    [-6.4771423]
   [140.96]       [153.11626]    [-12.15625] 
   [226.09]       [191.9726]     [34.1174]   
   [58.55]        [71.48959]     [-12.939594]
   [53.84]        [51.673374]    [2.166626]  
   [29.47]        [37.7223]      [-8.252302] 
   [54.49]        [59.935562]    [-5.4455605]
   [197.94]       [212.79018]    [-14.850174]
   [101.59]       [116.42608]    [-14.836082]
   [105.89]       [89.68791]     [16.202087] 
   [117.98]       [129.85185]    [-11.871849]
   [141.05]       [106.25433]    [34.79567]  
   [87.76]        [90.30039]     [-2.54039]  
   [239.34]       [267.7809]     [-28.440918]
   [66.36]        [75.997505]    [-9.637505] 
   [76.56]        [89.09953]     [-12.5395355]
   [93.81]        [110.53948]    [-16.729485]
   [71.44]        [83.29435]     [-11.854347]
   [127.45]       [125.26417]    [2.1858292] 
   [32.6]         [39.271263]    [-6.6712646]
   [83.13]        [96.607864]    [-13.477867]
   [102.29]       [126.28518]    [-23.995178]
   [101.17]       [101.82705]    [-0.6570511]
   [50.86]        [48.768723]    [2.091278]  
   [50.26]        [43.83588]     [6.424118]  
   [87.8]         [102.874084]   [-15.074081]
   [251.82]       [257.32544]    [-5.505432] 
   [70.78]        [87.99803]     [-17.218033]
   [220.19]       [256.92703]    [-36.73703] 
   [115.33]       [55.7002]      [59.629803] 
   [90.45]        [106.688515]   [-16.238518]
   [227.88]       [256.01053]    [-28.130524]
   [187.]         [261.30267]    [-74.30267] 
   [166.19]       [163.30081]    [2.8891907] 
   [110.33]       [114.3903]     [-4.060295] 
   [85.51]        [83.153755]    [2.356247]  
   [100.89]       [93.74789]     [7.1421127] 
   [104.35]       [123.800476]   [-19.450478]
   [235.79]       [237.6053]     [-1.8153076]
   [75.38]        [80.80272]     [-5.422722] 
   [244.51]       [276.83182]    [-32.321823]
   [210.52]       [201.97932]    [8.54068]   
   [95.38]        [98.71596]     [-3.3359604]
   [39.64]        [49.24239]     [-9.60239]  
   [128.76]       [134.22572]    [-5.4657288]
   [235.35]       [248.88039]    [-13.53038] 
   [65.45]        [68.54512]     [-3.0951233]
   [226.42]       [177.8179]     [48.602097] 
   [292.15]       [289.81827]    [2.331726]  
   [109.24]       [109.97116]    [-0.731163] 
   [71.6]         [72.96966]     [-1.3696594]
   [127.66]       [134.3612]     [-6.7012024]
   [29.92]        [27.111567]    [2.8084335] 
   [66.29]        [72.02484]     [-5.7348404]
   [92.53]        [82.5525]      [9.977501]  
   [70.57]        [59.18439]     [11.385609] 
   [77.97]        [83.42879]     [-5.458786] 
   [203.31]       [172.06851]    [31.241486] 
   [94.78]        [121.38907]    [-26.60907] 
   [160.28]       [119.39139]    [40.88861]  
   [181.53]       [163.57626]    [17.953735] 
   [104.63]       [108.472595]   [-3.842598] 
   [88.27]        [93.62328]     [-5.3532867]
   [92.6]         [107.6792]     [-15.079201]
   [210.19]       [191.39609]    [18.793915] 
   [240.14]       [222.78711]    [17.35289]  
   [74.49]        [73.26283]     [1.2271652] 
   [39.48]        [45.23003]     [-5.7500305]
   [95.21]        [93.91189]     [1.298111]  
   [39.29]        [40.24809]     [-0.9580879]
   [152.53]       [150.64432]    [1.8856812] 
   [89.04]        [119.349495]   [-30.309494]
   [181.88]       [213.7955]     [-31.915497]
   [261.51]       [290.59924]    [-29.089233]
   [175.05]       [291.98218]    [-116.932175]
   [49.74]        [33.891502]    [15.848499] 
   [69.73]        [55.63571]     [14.094292] 
   [120.17]       [124.39298]    [-4.2229843]
   [163.63]       [171.84106]    [-8.21106]  
   [230.32]       [230.43639]    [-0.11637878]
   [43.58]        [71.16065]     [-27.58065] 
   [84.58]        [85.295845]    [-0.7158432]
   [156.16]       [133.91841]    [22.241592] 
   [108.18]       [103.23895]    [4.9410477] 
   [100.81]       [106.62754]    [-5.817543] 
   [122.43]       [117.67023]    [4.7597733] 
   [69.85]        [67.68331]     [2.166687]  
   [39.94]        [37.603924]    [2.3360748] 
   [48.39]        [46.73545]     [1.6545486] 
   [173.94]       [176.27518]    [-2.3351746]
   [148.13]       [128.60944]    [19.520569] 
   [62.79]        [48.459038]    [14.330963] 
   [213.68]       [221.72649]    [-8.046494] 
   [94.3]         [98.60488]     [-4.304878] 
   [115.58]       [126.812775]   [-11.232773]
   [139.53]       [136.30753]    [3.2224731] 
   [81.17]        [93.70826]     [-12.538261]
   [95.13]        [86.9599]      [8.170097]  
   [249.46]       [222.45425]    [27.005753] 
   [47.53]        [38.838028]    [8.691971]  
   [89.66]        [110.80987]    [-21.149864]
   [90.76]        [84.12468]     [6.6353226] 
   [67.58]        [85.63008]     [-18.05008] 
   [82.07]        [94.1016]      [-12.031601]
   [67.37]        [68.76742]     [-1.3974152]
   [91.73]        [108.80836]    [-17.078354]
   [303.69]       [287.34732]    [16.342682] 
   [67.91]        [80.89628]     [-12.986275]
   [177.67]       [173.43939]    [4.230606]  
   [120.43]       [145.84541]    [-25.415413]
   [31.06]        [38.489754]    [-7.4297543]
   [191.29]       [190.19739]    [1.0926056] 
   [102.97]       [104.98864]    [-2.0186386]
   [36.86]        [34.311123]    [2.5488777] 
   [195.76]       [212.15451]    [-16.394516]
   [101.86]       [98.52832]     [3.3316803] 
   [200.14]       [207.79276]    [-7.6527557]
   [74.01]        [107.09821]    [-33.08821] 
   [234.95]       [209.65202]    [25.297974] 
   [242.21]       [240.90096]    [1.3090515] 
   [80.62]        [104.17233]    [-23.55233] 
   [33.65]        [31.208136]    [2.441866]  
   [223.92]       [264.53418]    [-40.61418] 
   [84.51]        [84.87961]     [-0.36960602]
   [179.22]       [221.14241]    [-41.92241] 
   [95.45]        [119.81659]    [-24.366592]
   [119.79]       [138.71843]    [-18.928429]
   [248.64]       [221.7657]     [26.874298] 
   [71.15]        [81.19593]     [-10.045929]
   [100.02]       [97.21678]     [2.803215]  
   [76.4]         [90.06829]     [-13.668289]
   [207.59]       [284.30075]    [-76.710754]
   [248.13]       [242.68266]    [5.447342]  
   [77.41]        [98.19198]     [-20.781975]
   [97.79]        [87.85309]     [9.936913]  
   [63.51]        [46.62136]     [16.888638] 
   [77.66]        [75.926445]    [1.7335587] 
   [116.19]       [123.37379]    [-7.1837845]
   [124.76]       [139.86104]    [-15.101036]
   [71.96]        [94.69261]     [-22.732613]
   [117.25]       [116.11798]    [1.132019]  
   [71.01]        [124.21699]    [-53.206985]
   [99.86]        [113.63729]    [-13.77729] 
   [25.84]        [23.192247]    [2.6477528] 
   [125.92]       [131.40901]    [-5.4890137]
   [173.02]       [165.68605]    [7.333954]  
   [179.82]       [171.06044]    [8.759567]  
   [115.94]       [106.219795]   [9.720207]  
   [163.1]        [193.77026]    [-30.670258]
   [261.68]       [253.59288]    [8.087112]  
   [85.55]        [101.83597]    [-16.285965]
   [121.67]       [136.50604]    [-14.836044]
   [132.47]       [185.8397]     [-53.369705]
   [188.17]       [176.60616]    [11.563843] 
   [94.42]        [106.647705]   [-12.227707]
   [85.45]        [80.2691]      [5.1809006] 
   [92.71]        [108.37955]    [-15.669548]
   [85.06]        [83.3598]      [1.7001953] 
   [87.95]        [97.30828]     [-9.358284] 
   [77.22]        [86.06525]     [-8.845245] 
   [97.58]        [109.28226]    [-11.702255]
   [105.12]       [101.83876]    [3.2812424] 
   [116.91]       [85.24042]     [31.669586] 
   [74.53]        [76.30436]     [-1.7743607]
   [42.83]        [53.86923]     [-11.039227]
   [73.75]        [123.45668]    [-49.70668] 
   [50.83]        [72.3662]      [-21.536201]
   [113.16]       [106.50718]    [6.6528244] 
   [84.21]        [86.75957]     [-2.5495682]
   [50.6]         [54.192825]    [-3.5928268]
   [85.53]        [86.31966]     [-0.7896576]
   [89.2]         [101.82656]    [-12.626564]
   [83.31]        [84.39292]     [-1.0829239]
   [67.45]        [66.581924]    [0.8680725] 
   [83.17]        [86.56768]     [-3.3976822]
   [82.07]        [96.12011]     [-14.05011] 
   [65.54]        [45.20391]     [20.33609]  
   [34.65]        [51.97825]     [-17.328247]
   [93.56]        [82.7598]      [10.800194] 
   [136.07]       [152.35562]    [-16.285614]
   [114.94]       [93.56479]     [21.375214] 
   [69.1]         [66.61217]     [2.487831]  
   [89.19]        [68.82199]     [20.368011] 
   [70.58]        [74.45691]     [-3.8769073]
   [37.14]        [45.483646]    [-8.343647] 
   [223.17]       [233.18044]    [-10.010437]
   [30.44]        [28.334314]    [2.1056862] 
   [143.16]       [143.74925]    [-0.58924866]
   [241.12]       [203.7491]     [37.370895] 
   [141.51]       [134.17838]    [7.3316193] 
   [214.92]       [211.6379]     [3.2821045] 
   [109.22]       [123.51499]    [-14.294991]
   [145.87]       [157.39989]    [-11.529892]
   [76.57]        [87.84542]     [-11.275421]
   [155.43]       [159.45705]    [-4.027054] 
   [44.2]         [49.45757]     [-5.2575684]
   [96.13]        [112.235344]   [-16.105347]
   [108.8]        [94.69988]     [14.100121] 
   [121.07]       [111.81498]    [9.25502]   
   [111.66]       [106.84255]    [4.8174515] 
   [70.5]         [73.63721]     [-3.137207] 
   [110.11]       [118.91103]    [-8.801033] 
   [123.43]       [112.29872]    [11.131279] 
   [96.4]         [105.423256]   [-9.023254] 
   [118.41]       [133.31042]    [-14.900421]
   [177.6]        [142.40672]    [35.193283] 
   [83.65]        [92.15103]     [-8.50103]  
   [94.13]        [81.89762]     [12.232376] 
   [129.9]        [153.76553]    [-23.86554] 
   [127.37]       [111.27371]    [16.09629]  
   [90.05]        [88.85186]     [1.198143]  
   [132.4]        [109.352585]   [23.04741]  
   [22.33]        [26.941109]    [-4.611109] 
   [156.7]        [145.65575]    [11.0442505]
   [257.]         [301.41232]    [-44.412323]
   [260.76]       [237.72331]    [23.036697] 
   [122.26]       [186.54134]    [-64.281334]
   [104.76]       [114.81481]    [-10.05481] 
   [64.32]        [51.1913]      [13.1287]   
   [56.18]        [67.06459]     [-10.88459] 
   [86.74]        [89.25386]     [-2.5138626]
   [70.04]        [72.4194]      [-2.3794022]
   [112.84]       [118.83072]    [-5.9907227]
   [59.72]        [36.644802]    [23.0752]   
   [170.27]       [102.52483]    [67.74517]  
   [85.73]        [97.541725]    [-11.811722]
   [108.34]       [99.601616]    [8.73838]   
   [192.9]        [200.75204]    [-7.852051] 
   [125.52]       [128.59477]    [-3.0747757]
   [101.22]       [109.491936]   [-8.2719345]
   [92.35]        [90.662415]    [1.6875839] 
   [58.33]        [66.00632]     [-7.6763153]
   [75.09]        [69.229774]    [5.860222]  
   [111.92]       [115.09171]    [-3.1717148]
   [70.81]        [77.70338]     [-6.893379] 
   [109.89]       [113.63594]    [-3.7459412]
   [60.15]        [73.9938]      [-13.843796]
   [18.35]        [25.376469]    [-7.0264683]
   [221.2]        [247.08319]    [-25.883194]
   [146.09]       [135.72672]    [10.363281] 
   [51.87]        [57.96189]     [-6.0918922]
   [95.06]        [105.099976]   [-10.039978]
   [217.86]       [246.62303]    [-28.763031]
   [256.37]       [201.61087]    [54.759125] 
   [303.26]       [301.99774]    [1.2622681] 
   [117.85]       [100.7487]     [17.101295] 
   [67.57]        [81.55631]     [-13.986313]
   [129.72]       [142.05487]    [-12.334869]
   [57.25]        [59.23567]     [-1.9856682]
   [168.16]       [176.2102]     [-8.050201] 
   [110.8]        [109.51586]    [1.2841415] 
   [228.08]       [235.97961]    [-7.8996124]
   [65.45]        [76.050896]    [-10.600899]
   [236.93]       [252.81512]    [-15.885132]
   [126.98]       [109.7782]     [17.201805] 
   [111.33]       [157.54858]    [-46.218582]
   [113.74]       [123.019875]   [-9.279877] 
   [37.08]        [55.87463]     [-18.794628]
   [101.43]       [71.991196]    [29.438805] 
   [180.29]       [184.06387]    [-3.77388]  
   [69.4]         [58.989296]    [10.410706] 
   [96.3]         [115.87686]    [-19.576859]
   [106.2]        [115.01541]    [-8.815414] 
   [115.83]       [110.625374]   [5.204628]  
   [354.52]       [348.19348]    [6.3265076] 
   [83.2]         [111.33242]    [-28.132423]
   [96.41]        [102.44947]    [-6.039467] 
   [85.56]        [120.62546]    [-35.06546] 
   [133.32]       [134.42653]    [-1.1065216]
   [174.5]        [188.1469]     [-13.646896]
   [86.25]        [112.594604]   [-26.344604]
   [75.44]        [77.716125]    [-2.276123] 
   [210.39]       [253.33948]    [-42.94948] 
   [59.02]        [59.426426]    [-0.40642548]
   [58.04]        [53.902283]    [4.137718]  
   [238.53]       [198.44127]    [40.08873]  
   [44.41]        [64.94957]     [-20.53957] 
   [100.48]       [97.840485]    [2.6395187] 
   [127.46]       [152.5737]     [-25.1137]  
   [175.53]       [166.80177]    [8.728226]  
   [103.85]       [107.49732]    [-3.6473236]
   [100.76]       [93.753204]    [7.006798]  
   [126.68]       [127.90826]    [-1.2282562]
   [223.56]       [223.49524]    [0.0647583] 
   [62.81]        [90.67885]     [-27.868847]
   [74.03]        [73.1407]      [0.8892975] 
   [116.21]       [95.364685]    [20.845314] 
   [98.27]        [109.29612]    [-11.026123]
   [224.99]       [242.78096]    [-17.790955]
   [61.73]        [77.632545]    [-15.902546]
   [89.21]        [104.712105]   [-15.502106]
   [122.88]       [122.97551]    [-0.09551239]
   [64.31]        [71.56196]     [-7.2519608]
   [41.01]        [46.132553]    [-5.122555] 
   [236.48]       [221.23973]    [15.240265] 
   [138.19]       [147.07501]    [-8.88501]  
   [98.63]        [95.86491]     [2.765091]  
   [122.9]        [98.72731]     [24.172691] 
   [196.83]       [210.48575]    [-13.655746]
   [68.18]        [92.59898]     [-24.418983]
   [149.56]       [133.1659]     [16.394104] 
   [151.91]       [119.11217]    [32.797836] 
   [88.9]         [92.64689]     [-3.7468872]
   [57.03]        [58.133167]    [-1.1031685]
   [192.91]       [200.9468]     [-8.036789] 
   [79.68]        [98.83635]     [-19.15635] 
   [122.83]       [111.21043]    [11.6195755]
   [236.59]       [256.61188]    [-20.021881]
   [86.62]        [97.96501]     [-11.345009]
   [127.56]       [144.1072]     [-16.547195]
   [108.31]       [92.31525]     [15.994751] 
   [58.35]        [53.612938]    [4.7370605] 
   [78.2]         [90.315094]    [-12.115097]
   [55.1]         [72.08393]     [-16.983932]
   [115.09]       [136.0834]     [-20.993408]
   [126.7]        [102.72618]    [23.973816] 
   [139.99]       [141.95555]    [-1.9655457]
   [243.08]       [225.31683]    [17.763168] 
   [82.35]        [89.90137]     [-7.5513687]
   [92.93]        [56.303467]    [36.626534] 
   [160.49]       [119.94735]    [40.542656] 
   [135.08]       [138.5814]     [-3.5014038]
   [116.5]        [130.21822]    [-13.718216]
   [188.63]       [276.73758]    [-88.107574]
   [94.64]        [79.68344]     [14.956558] 
   [160.8]        [118.25322]    [42.546783] 
   [120.87]       [122.83759]    [-1.9675903]
   [146.29]       [137.21725]    [9.072739]  
   [98.13]        [99.211555]    [-1.0815582]
   [75.51]        [83.01424]     [-7.5042343]
   [99.45]        [105.54301]    [-6.09301]  
   [158.9]        [168.88406]    [-9.98407]  
   [130.71]       [103.45105]    [27.258957] 
   [66.46]        [58.3959]      [8.064098]  
   [211.22]       [220.79224]    [-9.572235] 
   [75.49]        [108.81319]    [-33.32319] 
   [92.45]        [125.34458]    [-32.894585]
   [59.37]        [78.30223]     [-18.932232]
   [90.77]        [42.687084]    [48.082912] 
   [88.05]        [66.15925]     [21.890755] 
   [72.55]        [72.76097]     [-0.21096802]
   [108.92]       [116.96056]    [-8.0405655]
   [117.43]       [111.635155]   [5.7948456] 
   [75.7]         [88.10664]     [-12.406647]
   [138.6]        [116.95899]    [21.641014] 
   [85.99]        [64.58825]     [21.401749] 
   [176.37]       [191.70265]    [-15.332657]
   [156.24]       [186.86046]    [-30.620453]
   [37.52]        [29.908373]    [7.6116276] 
   [130.58]       [128.29703]    [2.2829742] 
   [50.69]        [54.72033]     [-4.0303307]
   [84.81]        [109.8092]     [-24.999199]
   [230.73]       [219.25145]    [11.478546] 
   [83.59]        [97.40257]     [-13.812576]
   [65.26]        [72.43581]     [-7.175804] 
   [151.66]       [145.34402]    [6.315979]  
   [123.42]       [112.66032]    [10.759682] 
   [87.31]        [86.00444]     [1.3055573] 
   [57.46]        [52.050407]    [5.4095917] 
   [159.81]       [173.19527]    [-13.385269]
   [182.14]       [110.656784]   [71.483215] 
   [168.53]       [178.62639]    [-10.09639] 
   [141.99]       [154.68317]    [-12.693161]
   [236.42]       [234.27902]    [2.140976]  
   [53.14]        [73.78207]     [-20.642067]
   [66.9]         [79.34044]     [-12.440437]
   [85.97]        [95.726585]    [-9.756584] 
   [218.27]       [232.91687]    [-14.646866]
   [64.15]        [98.076965]    [-33.926964]
   [81.05]        [100.40333]    [-19.353325]
   [23.62]        [30.181864]    [-6.561863] 
   [217.01]       [231.00621]    [-13.996216]
   [141.65]       [118.76663]    [22.883362] 
   [218.8]        [206.98781]    [11.812195] 
   [100.15]       [118.25953]    [-18.109528]
   [67.02]        [73.141716]    [-6.1217194]
   [75.21]        [89.781006]    [-14.571007]
   [187.73]       [215.97974]    [-28.24974] 
   [162.33]       [172.99274]    [-10.662735]
   [124.14]       [92.37458]     [31.765419] 
   [74.75]        [80.62865]     [-5.878647] 
   [91.89]        [90.56666]     [1.3233414] 
   [123.8]        [115.097336]   [8.702667]  
   [88.95]        [82.92301]     [6.026985]  
   [96.01]        [97.15615]     [-1.1461487]
   [114.4]        [120.82783]    [-6.427826] 
   [199.67]       [183.55595]    [16.114044] 
   [97.59]        [89.35163]     [8.238365]  
   [80.89]        [87.32325]     [-6.4332504]
   [217.22]       [232.38553]    [-15.165527]
   [127.32]       [112.74791]    [14.57209]  
   [66.61]        [71.89722]     [-5.287216] 
   [54.34]        [41.51169]     [12.828312] 
   [90.68]        [109.53167]    [-18.85167] 
   [91.59]        [104.473625]   [-12.883629]
   [70.65]        [99.353325]    [-28.703323]
   [61.57]        [55.53801]     [6.03199]   
   [92.22]        [99.674644]    [-7.4546432]
   [270.71]       [235.01643]    [35.693558] 
   [138.91]       [101.768684]   [37.14132]  
   [100.57]       [101.00004]    [-0.43003845]
   [113.96]       [116.77092]    [-2.8109207]
   [90.49]        [122.09473]    [-31.604729]
   [73.59]        [81.41219]     [-7.822197] 
   [99.74]        [113.5106]     [-13.770599]
   [345.86]       [380.93982]    [-35.079834]
   [160.17]       [190.70174]    [-30.531738]
   [72.89]        [94.10018]     [-21.210182]
   [186.33]       [107.15597]    [79.174034] 
   [86.37]        [113.5231]     [-27.1531]  
   [125.2]        [122.74867]    [2.4513245] 
   [126.89]       [112.424446]   [14.465553] 
   [103.13]       [94.914215]    [8.215782]  
   [142.23]       [141.0195]     [1.210495]  
   [162.37]       [131.37964]    [30.990356] 
   [120.01]       [115.866516]   [4.143486]  
   [147.37]       [147.17288]    [0.19711304]
   [60.55]        [71.44133]     [-10.891331]
   [108.66]       [124.63706]    [-15.977058]
   [68.18]        [64.45658]     [3.7234192] 
   [79.16]        [36.668217]    [42.491787] 
   [32.35]        [45.936867]    [-13.586868]
   [107.95]       [121.34235]    [-13.392349]
   [202.07]       [191.55157]    [10.518433] 
   [32.25]        [46.128838]    [-13.878838]
   [182.24]       [174.28679]    [7.9532166] 
   [107.78]       [108.75303]    [-0.9730301]
   [124.26]       [109.82937]    [14.430634] 
   [38.18]        [63.964806]    [-25.784805]
   [25.23]        [34.668613]    [-9.438614] 
   [116.95]       [169.0581]     [-52.10811] 
   [112.73]       [111.07259]    [1.6574097] 
   [41.19]        [50.234238]    [-9.044239] 
   [30.54]        [63.68106]     [-33.14106] 
   [119.18]       [101.47585]    [17.704147] 
   [136.15]       [140.68488]    [-4.5348816]
   [63.88]        [80.92631]     [-17.046307]
   [151.99]       [186.3316]     [-34.3416]  
   [77.82]        [90.09099]     [-12.270988]
   [62.66]        [45.98574]     [16.67426]  
   [133.67]       [126.17901]    [7.4909897] 
   [117.87]       [125.65337]    [-7.783371] 
   [161.54]       [158.89394]    [2.6460571] 
   [21.]          [25.761526]    [-4.761526] 
   [91.53]        [86.753044]    [4.7769547] 
   [55.64]        [73.014244]    [-17.374245]
   [71.76]        [68.59723]     [3.1627731] 
   [105.54]       [97.89195]     [7.6480484] 
   [130.34]       [142.79851]    [-12.458511]
   [151.87]       [128.5532]     [23.316788] 
   [23.02]        [39.193794]    [-16.173794]
   [127.75]       [123.334625]   [4.4153748] 
   [216.16]       [212.42155]    [3.738449]  
   [167.96]       [139.41003]    [28.549973] 
   [104.9]        [116.30533]    [-11.405327]
   [181.59]       [226.6054]     [-45.015396]
   [126.82]       [159.4896]     [-32.669594]
   [81.13]        [85.44741]     [-4.3174133]
   [52.02]        [49.76738]     [2.2526207] 
   [84.55]        [112.29646]    [-27.74646] 
   [162.81]       [152.4464]     [10.363602] 
   [102.49]       [107.10833]    [-4.618332] 
   [111.75]       [130.80827]    [-19.058273]
   [89.93]        [63.200825]    [26.729176] 
   [132.75]       [130.31375]    [2.4362488] 
   [23.32]        [31.337198]    [-8.017199] 
   [121.58]       [134.5266]     [-12.946594]
   [194.95]       [177.71487]    [17.235123] 
   [131.02]       [111.062485]   [19.95752]  
   [110.26]       [113.26624]    [-3.0062408]
   [66.07]        [86.24447]     [-20.174469]
   [124.09]       [175.19176]    [-51.10176] 
   [151.86]       [142.53018]    [9.329819]  
   [233.05]       [230.29282]    [2.757187]  
   [123.02]       [116.17378]    [6.8462143] 
   [80.28]        [79.87495]     [0.40505219]
   [63.74]        [88.730896]    [-24.990894]
   [113.18]       [122.25495]    [-9.074951] 
   [70.71]        [76.882805]    [-6.172806] 
   [202.11]       [244.53056]    [-42.420563]
   [293.31]       [251.25569]    [42.054306] 
   [102.89]       [102.71123]    [0.17877197]
   [97.15]        [88.38086]     [8.769142]  
   [136.73]       [163.10466]    [-26.374664]
   [222.73]       [271.5407]     [-48.810715]
   [101.]         [115.14016]    [-14.14016] 
   [62.71]        [68.54445]     [-5.83445]  
   [261.85]       [236.57977]    [25.270233] 
   [89.21]        [105.4219]     [-16.211899]
   [156.33]       [141.74466]    [14.585342] 
   [96.11]        [103.26788]    [-7.1578827]
   [80.85]        [69.43738]     [11.412621] 
   [85.65]        [105.27712]    [-19.627121]
   [63.78]        [65.01416]     [-1.2341614]
   [82.]          [89.76308]     [-7.763077] 
   [89.46]        [87.54228]     [1.917717]  
   [175.74]       [206.67801]    [-30.938004]
   [84.5]         [73.51605]     [10.983948] 
   [67.64]        [56.05728]     [11.582718] 
   [128.02]       [130.88092]    [-2.8609161]
   [58.34]        [70.46106]     [-12.121059]
   [54.59]        [56.273132]    [-1.6831322]
   [158.13]       [128.5347]     [29.595306] 
   [139.91]       [129.03247]    [10.877533] 
   [95.49]        [83.98053]     [11.509468] 
   [115.01]       [104.77324]    [10.236763] 
   [132.22]       [138.18742]    [-5.9674225]
   [72.42]        [107.02013]    [-34.60013] 
   [131.95]       [124.81981]    [7.130188]  
   [102.59]       [103.53653]    [-0.9465332]
   [100.66]       [95.10069]     [5.559311]  
   [23.76]        [15.382823]    [8.377177]  
   [43.59]        [75.31132]     [-31.721317]
   [133.78]       [146.21414]    [-12.434143]
   [80.11]        [91.35122]     [-11.241219]
   [39.94]        [36.973206]    [2.966793]  
   [110.36]       [108.901405]   [1.4585953] 
   [85.38]        [81.76285]     [3.6171494] 
   [59.06]        [92.04767]     [-32.987667]
   [94.]          [79.622635]    [14.377365] 
   [70.9]         [68.737816]    [2.1621857] 
   [118.28]       [103.4676]     [14.812401] 
   [27.4]         [63.41607]     [-36.016068]
   [161.23]       [158.54985]    [2.6801453] 
   [129.33]       [139.68597]    [-10.355972]
   [80.22]        [106.24091]    [-26.020912]
   [89.02]        [80.5884]      [8.431595]  
   [36.]          [46.486267]    [-10.486267]
   [102.15]       [116.603714]   [-14.453712]
   [26.88]        [38.578346]    [-11.698347]
   [228.22]       [209.9002]     [18.319794] 
   [123.98]       [142.07774]    [-18.09774] 
   [102.86]       [128.85448]    [-25.994476]
   [202.91]       [214.47063]    [-11.560623]
   [195.88]       [206.1593]     [-10.279297]
   [77.93]        [118.48686]    [-40.55686] 
   [67.98]        [80.904015]    [-12.924011]
   [95.83]        [88.95338]     [6.876625]  
   [77.7]         [86.800606]    [-9.100609] 
   [90.88]        [85.35947]     [5.5205307] 
   [98.71]        [95.21804]     [3.4919586] 
   [43.64]        [45.945873]    [-2.3058739]
   [114.17]       [103.553535]   [10.616463] 
   [93.38]        [104.85699]    [-11.47699] 
   [181.27]       [196.89767]    [-15.62767] 
   [76.39]        [85.04851]     [-8.658508] 
   [63.29]        [55.222767]    [8.067234]  
   [40.14]        [27.59055]     [12.54945]  
   [117.26]       [129.6511]     [-12.39109] 
   [221.17]       [270.5841]     [-49.41411] 
   [74.34]        [66.01263]     [8.32737]   
   [66.1]         [72.20344]     [-6.1034393]
   [218.04]       [152.09079]    [65.9492]   
   [39.85]        [36.91162]     [2.9383774] 
   [163.93]       [187.41644]    [-23.48645] 
   [140.07]       [148.88461]    [-8.814606] 
   [95.06]        [136.08244]    [-41.022446]
   [28.97]        [13.318957]    [15.651042] 
   [98.15]        [76.13421]     [22.015793] 
   [62.18]        [51.21229]     [10.967709] 
   [169.88]       [180.18541]    [-10.305405]
   [69.27]        [78.4335]      [-9.163506] 
   [89.02]        [64.93104]     [24.088959] 
   [133.34]       [133.68304]    [-0.3430481]
   [98.56]        [102.60388]    [-4.0438843]
   [89.45]        [65.62253]     [23.827469] 
   [92.45]        [107.78473]    [-15.334732]
   [123.02]       [133.75725]    [-10.737251]
   [56.29]        [62.632607]    [-6.3426056]
   [101.47]       [90.87356]     [10.596443] 
   [106.17]       [104.322716]   [1.8472824] 
   [65.02]        [93.110565]    [-28.090569]
   [256.63]       [164.92386]    [91.70615]  
   [297.04]       [222.88838]    [74.15163]  
   [153.78]       [149.10674]    [4.6732635] 
   [88.6]         [96.33796]     [-7.737961] 
   [101.07]       [105.12904]    [-4.059044] 
   [208.2]        [228.83524]    [-20.635239]
   [313.33]       [356.8844]     [-43.554413]
   [202.49]       [166.29868]    [36.19133]  
   [74.27]        [67.87183]     [6.398163]  
   [196.68]       [198.37611]    [-1.6961212]
   [123.54]       [106.59297]    [16.94703]  
   [55.2]         [59.155098]    [-3.9550972]
   [42.77]        [48.51962]     [-5.7496185]
   [128.23]       [144.61333]    [-16.383331]
   [84.13]        [89.15814]     [-5.028145] 
   [66.56]        [76.666306]    [-10.106308]
   [196.31]       [179.14624]    [17.163757] 
   [106.67]       [92.2443]      [14.425697] 
   [68.95]        [92.29631]     [-23.346313]
   [39.27]        [59.693233]    [-20.423233]
   [145.41]       [119.8399]     [25.570107] 
   [55.62]        [43.184864]    [12.435135] 
   [227.98]       [229.47311]    [-1.4931183]
   [99.99]        [120.62094]    [-20.630943]
   [63.6]         [75.21978]     [-11.6197815]
   [59.16]        [37.73104]     [21.428959] 
   [118.18]       [85.661896]    [32.518105] 
   [221.87]       [180.36012]    [41.509872] 
   [42.62]        [28.719395]    [13.900604] 
   [97.51]        [85.02304]     [12.486961] 
   [109.09]       [121.97155]    [-12.881554]
   [142.85]       [130.32137]    [12.528641] 
   [23.9]         [28.336542]    [-4.4365425]
   [65.88]        [65.31509]     [0.5649109] 
   [137.]         [137.30261]    [-0.3026123]
   [264.26]       [247.50919]    [16.750824] 
   [180.69]       [158.0975]     [22.592499] 
   [48.49]        [54.0036]      [-5.5135994]
   [158.44]       [90.794876]    [67.64513]  
   [191.84]       [218.53879]    [-26.698792]
   [81.91]        [97.36129]     [-15.451286]
   [49.04]        [57.93682]     [-8.89682]  
   [84.5]         [86.58588]     [-2.0858765]
   [108.22]       [88.599266]    [19.620735] 
   [231.05]       [244.21321]    [-13.163208]
   [113.72]       [108.95151]    [4.7684937] 
   [106.24]       [97.44198]     [8.798019]  
   [69.86]        [50.977898]    [18.882103] 
   [81.03]        [101.46007]    [-20.430069]
   [54.05]        [57.621323]    [-3.5713234]
   [29.86]        [40.3993]      [-10.539299]
   [257.59]       [269.7682]     [-12.178192]
   [86.05]        [89.97938]     [-3.9293747]
   [115.33]       [101.12662]    [14.203384] 
   [85.57]        [77.50967]     [8.060333]  
   [95.08]        [98.79701]     [-3.7170105]
   [181.16]       [128.12917]    [53.030838] 
   [126.34]       [72.92508]     [53.414917] 
   [67.92]        [75.74875]     [-7.8287506]
   [38.47]        [45.16562]     [-6.6956177]
   [185.54]       [139.02933]    [46.510666] 
   [226.49]       [242.83661]    [-16.346603]
   [73.62]        [88.84007]     [-15.22007] 
   [122.12]       [129.85045]    [-7.730446] 
   [169.77]       [162.67984]    [7.090164]  
   [118.33]       [145.1342]     [-26.8042]  
   [69.52]        [67.277794]    [2.2422028] 
   [180.14]       [199.85736]    [-19.717361]
   [187.26]       [218.22057]    [-30.960571]
   [180.33]       [200.53423]    [-20.204224]
   [55.7]         [43.413948]    [12.286053] 
   [164.54]       [172.10356]    [-7.563568] 
   [288.82]       [273.88727]    [14.932739] 
   [117.27]       [93.91815]     [23.351845] 
   [129.52]       [135.19766]    [-5.677658] 
   [62.91]        [61.70717]     [1.2028313] 
   [40.]          [36.422855]    [3.5771446] 
   [247.7]        [266.07086]    [-18.370865]
   [116.78]       [137.1874]     [-20.407394]
   [105.61]       [92.78617]     [12.82383]  
   [117.57]       [110.43459]    [7.1354065] 
   [120.58]       [125.60398]    [-5.023979] 
   [72.1]         [82.04587]     [-9.945869] 
   [156.8]        [147.7651]     [9.034897]  
   [105.14]       [121.72556]    [-16.585564]
   [89.03]        [79.77721]     [9.252792]  
   [77.1]         [75.62189]     [1.4781113] 
   [86.06]        [84.66317]     [1.3968277] 
   [104.63]       [112.05574]    [-7.425743] 
   [153.39]       [199.36908]    [-45.97908] 
   [58.67]        [58.0649]      [0.6050987] 
   [79.93]        [88.15513]     [-8.225128] 
   [111.88]       [119.68185]    [-7.8018494]
   [134.7]        [127.18166]    [7.5183334] 
   [198.44]       [202.77554]    [-4.335541] 
   [64.06]        [64.02775]     [0.03224945]
   [150.04]       [139.21552]    [10.824478] 
   [69.67]        [77.18967]     [-7.5196686]
   [93.25]        [85.1962]      [8.0538025] 
   [29.36]        [34.8353]      [-5.4753]   
   [79.21]        [83.15898]     [-3.9489822]
   [61.21]        [75.31878]     [-14.10878] 
   [82.56]        [82.58614]     [-0.02614594]
   [42.64]        [36.460594]    [6.179405]  
   [84.89]        [98.89336]     [-14.003357]
   [33.05]        [26.800583]    [6.2494164] 
   [75.66]        [67.75375]     [7.90625]   
   [104.54]       [122.32859]    [-17.78859] 
   [75.09]        [71.74885]     [3.3411484] 
   [50.65]        [60.996662]    [-10.346661]
   [65.84]        [75.92292]     [-10.082924]
   [213.04]       [197.52417]    [15.515823] 
   [73.8]         [74.33854]     [-0.5385361]
   [89.69]        [103.18882]    [-13.498817]
   [113.94]       [119.34705]    [-5.407051] 
   [239.65]       [179.14613]    [60.50386]  
   [256.82]       [258.26828]    [-1.4482727]
   [146.78]       [94.26681]     [52.51319]  
   [61.62]        [53.56793]     [8.052071]  
   [102.75]       [74.24527]     [28.50473]  
   [103.55]       [117.4957]     [-13.945694]
   [114.81]       [88.933365]    [25.876633] 
   [118.]         [106.54739]    [11.452606] 
   [185.7]        [195.0733]     [-9.373306] 
   [72.19]        [106.39422]    [-34.204216]
   [139.17]       [178.51872]    [-39.348724]
   [110.8]        [112.2734]     [-1.4733963]
   [69.29]        [88.22964]     [-18.939636]
   [106.56]       [100.630775]   [5.929222]  
   [80.68]        [88.479385]    [-7.799385] 
   [60.57]        [79.22745]     [-18.657448]
   [75.11]        [83.42288]     [-8.312881] 
   [93.2]         [127.47315]    [-34.273155]
   [58.33]        [62.771606]    [-4.4416046]
   [120.61]       [132.06802]    [-11.458023]
   [88.85]        [60.681484]    [28.168514] 
   [105.62]       [104.98677]    [0.6332321] 
   [136.7]        [125.759514]   [10.940483] 
   [120.32]       [119.76461]    [0.5553894] 
   [82.42]        [97.9827]      [-15.562698]
   [75.16]        [85.60573]     [-10.4457245]
   [169.5]        [173.35223]    [-3.852234] 
   [74.18]        [66.88816]     [7.2918396] 
   [124.86]       [127.7871]     [-2.9271011]
   [140.03]       [149.48311]    [-9.45311]  
   [114.75]       [109.842]      [4.907997]  
   [77.42]        [87.67939]     [-10.259392]
   [114.22]       [111.17805]    [3.041954]  
   [174.45]       [163.87247]    [10.57753]  
   [223.64]       [259.49094]    [-35.850937]
   [56.23]        [24.242273]    [31.987726] 
   [197.06]       [169.78328]    [27.276718] 
   [160.1]        [148.35457]    [11.745438] 
   [229.48]       [235.09883]    [-5.6188354]
   [39.83]        [43.768154]    [-3.9381523]
   [78.16]        [73.12738]     [5.0326233] 
   [78.94]        [81.76171]     [-2.8217087]
   [53.38]        [53.4262]      [-0.0461998]
   [96.58]        [111.543495]   [-14.963493]
   [87.04]        [94.68335]     [-7.6433487]
   [84.07]        [88.83556]     [-4.765564] 
   [43.54]        [29.33111]     [14.208891] 
   [124.07]       [92.88376]     [31.186241] 
   [128.73]       [136.19983]    [-7.4698334]
   [93.11]        [98.50122]     [-5.39122]  
   [82.85]        [109.706215]   [-26.856216]
   [124.14]       [116.949486]   [7.1905136] 
   [212.67]       [208.51578]    [4.1542206] 
   [105.5]        [96.10821]     [9.391792]  
   [182.95]       [180.39384]    [2.5561523] 
   [238.59]       [232.89993]    [5.6900635] 
   [71.45]        [76.38393]     [-4.9339294]
   [90.1]         [76.01396]     [14.086037] 
   [40.43]        [62.271626]    [-21.841625]
   [88.04]        [103.315216]   [-15.275215]
   [103.95]       [106.483116]   [-2.5331192]
   [98.78]        [134.06056]    [-35.280563]
   [63.78]        [61.412724]    [2.3672752] 
   [182.44]       [231.9069]     [-49.466904]
   [110.02]       [100.02105]    [9.998947]  
   [101.03]       [109.94851]    [-8.91851]  
   [460.53]       [447.90137]    [12.628632] 
   [32.6]         [33.489197]    [-0.8891983]
   [98.9]         [108.18215]    [-9.28215]  
   [151.39]       [148.95055]    [2.4394531] 
   [79.78]        [83.21874]     [-3.4387436]
   [32.29]        [33.73299]     [-1.4429893]
   [76.5]         [85.955864]    [-9.455864] 
   [66.27]        [84.64298]     [-18.372986]
   [33.05]        [39.679874]    [-6.629875] 
   [222.75]       [216.57332]    [6.1766815] 
   [109.77]       [93.85591]     [15.914085] 
   [109.1]        [107.94539]    [1.1546097] 
   [76.09]        [77.38924]     [-1.2992401]
   [102.14]       [109.83506]    [-7.6950607]
   [125.03]       [84.427284]    [40.602715] 
   [69.16]        [77.9144]      [-8.754395] 
   [34.57]        [52.15647]     [-17.586472]
   [107.7]        [90.98979]     [16.710205] 
   [147.61]       [158.86266]    [-11.252655]
   [226.8]        [238.07338]    [-11.273376]
   [248.54]       [284.10776]    [-35.567764]
   [69.6]         [69.08368]     [0.5163193] 
   [72.44]        [68.77811]     [3.6618958] 
   [80.36]        [127.88544]    [-47.525436]
   [103.]         [105.08601]    [-2.0860138]
   [98.03]        [105.70187]    [-7.671875] 
   [109.79]       [91.378235]    [18.411766] 
   [78.26]        [65.28324]     [12.976761] 
   [152.14]       [177.0154]     [-24.875397]
   [84.4]         [64.08181]     [20.318192] 
   [101.14]       [102.922325]   [-1.7823257]
   [65.51]        [62.306595]    [3.2034073] 
   [133.17]       [99.27517]     [33.89483]  
   [352.68]       [317.08557]    [35.59442]  
   [88.57]        [99.61749]     [-11.047493]
   [123.79]       [122.23411]    [1.555893]  
   [236.2]        [206.84071]    [29.359283] 
   [124.37]       [127.76697]    [-3.396965] 
   [87.94]        [110.6194]     [-22.679398]
   [109.17]       [122.22252]    [-13.052521]
   [245.84]       [297.57883]    [-51.73883] 
   [155.18]       [161.97583]    [-6.7958374]
   [176.4]        [152.36946]    [24.030533] 
   [171.28]       [118.91535]    [52.364647] 
   [106.49]       [124.84614]    [-18.35614] 
   [49.15]        [61.91804]     [-12.76804] 
   [103.38]       [126.89447]    [-23.514473]
   [275.44]       [274.95706]    [0.48294067]
   [235.8]        [243.25008]    [-7.4500732]
   [49.1]         [72.65976]     [-23.559761]
   [208.15]       [204.63446]    [3.5155334] 
   [119.24]       [139.07797]    [-19.837975]
   [79.43]        [95.86973]     [-16.439728]
   [83.46]        [67.3184]      [16.141602] 
   [55.51]        [82.18463]     [-26.674633]
   [178.32]       [180.15497]    [-1.8349609]
   [236.36]       [281.38565]    [-45.02565] 
   [66.65]        [75.359436]    [-8.7094345]
   [75.81]        [102.05667]    [-26.246674]
   [120.26]       [111.892365]   [8.367638]  
   [65.53]        [72.09957]     [-6.5695724]
   [91.4]         [91.56643]     [-0.16642761]
   [74.9]         [87.162125]    [-12.262123]
   [50.92]        [67.772804]    [-16.852806]
   [88.88]        [90.90836]     [-2.028366] 
   [148.51]       [152.2841]     [-3.774109] 
   [121.45]       [150.69066]    [-29.240662]
   [96.95]        [123.03899]    [-26.08899] 
   [265.1]        [267.34717]    [-2.2471619]
   [74.66]        [94.1359]      [-19.475899]
   [97.82]        [89.645676]    [8.174324]  
   [148.08]       [119.047195]   [29.032806] 
   [70.55]        [72.64829]     [-2.0982895]
   [113.76]       [102.174446]   [11.585556] 
   [56.9]         [56.483128]    [0.41687393]
   [89.9]         [74.28016]     [15.619843] 
   [90.31]        [73.58515]     [16.724846] 
   [158.05]       [165.82968]    [-7.7796783]
   [111.09]       [110.96539]    [0.12460327]
   [253.97]       [248.49149]    [5.4785156] 
   [112.24]       [109.100716]   [3.1392822] 
   [92.95]        [85.94794]     [7.00206]   
   [111.39]       [117.55619]    [-6.166191] 
   [88.71]        [77.483925]    [11.226074] 
   [93.93]        [96.92727]     [-2.9972687]
   [75.11]        [79.2236]      [-4.1136017]
   [119.99]       [113.072365]   [6.917633]  
   [71.86]        [63.64586]     [8.214142]  
   [41.3]         [54.304832]    [-13.004833]
   [90.63]        [99.771225]    [-9.141228] 
   [75.04]        [91.18992]     [-16.149918]
   [95.33]        [112.00493]    [-16.674927]
   [233.22]       [243.37102]    [-10.151016]
   [70.75]        [104.36433]    [-33.614326]
   [69.41]        [57.82483]     [11.585175] 
   [239.51]       [244.26299]    [-4.7529907]
   [73.55]        [71.89847]     [1.651535]  
   [81.12]        [81.35442]     [-0.23442078]
   [58.23]        [60.979565]    [-2.7495651]
   [129.34]       [120.212166]   [9.1278305] 
   [164.66]       [180.80684]    [-16.146835]
   [149.16]       [143.37674]    [5.783264]  
   [119.14]       [124.35548]    [-5.215477] 
   [170.79]       [161.0795]     [9.710495]  
   [69.58]        [60.4968]      [9.083202]  
   [185.76]       [186.66922]    [-0.90922546]
   [86.25]        [94.99785]     [-8.7478485]
   [76.42]        [108.55034]    [-32.13034] 
   [173.57]       [195.01851]    [-21.448502]
   [60.65]        [73.416664]    [-12.766663]
   [96.64]        [112.15032]    [-15.510323]
   [212.45]       [116.82768]    [95.622314] 
   [84.13]        [103.37642]    [-19.246422]
   [63.9]         [82.13115]     [-18.231148]
   [86.58]        [113.74823]    [-27.168228]
   [237.77]       [249.21829]    [-11.448288]
   [115.73]       [99.9773]      [15.752701] 
   [61.82]        [75.28632]     [-13.466324]
   [189.47]       [212.02185]    [-22.55185] 
   [117.88]       [120.5576]     [-2.6776047]
   [148.39]       [126.816284]   [21.573715] 
   [52.89]        [64.34681]     [-11.45681] 
   [171.71]       [177.80383]    [-6.0938263]
   [70.16]        [95.64946]     [-25.489456]
   [74.79]        [69.98143]     [4.808571]  
   [35.8]         [39.4655]      [-3.6655006]
   [104.04]       [103.46715]    [0.5728531] 
   [207.37]       [239.45915]    [-32.089157]
   [86.62]        [78.38972]     [8.230286]  
   [208.74]       [210.67696]    [-1.9369507]
   [73.28]        [100.917305]   [-27.637306]
   [235.94]       [219.59256]    [16.347443] 
   [93.34]        [83.8209]      [9.519096]  
   [244.35]       [238.48592]    [5.86409]   
   [95.85]        [85.87882]     [9.971176]  
   [70.82]        [78.89588]     [-8.075882] 
   [177.98]       [149.67952]    [28.300476] 
   [116.25]       [118.48766]    [-2.2376633]
   [93.22]        [93.13709]     [0.08290863]
   [182.68]       [177.6275]     [5.05249]   
   [147.12]       [133.92276]    [13.197235] 
   [82.17]        [84.32319]     [-2.1531906]
   [84.71]        [81.27694]     [3.4330597] 
   [76.29]        [89.226524]    [-12.936523]
   [86.16]        [72.56961]     [13.590393] 
   [112.63]       [118.27624]    [-5.64624]  
   [89.41]        [54.88267]     [34.527332] 
   [215.81]       [217.11014]    [-1.3001404]
   [59.86]        [40.208645]    [19.651356] 
   [268.17]       [222.66826]    [45.501755] 
   [80.4]         [70.44519]     [9.954811]  
   [127.84]       [117.45778]    [10.382217] 
   [73.14]        [81.91674]     [-8.776741] 
   [398.57]       [372.16565]    [26.404358] 
   [259.37]       [252.51263]    [6.857361]  
   [33.51]        [49.04117]     [-15.53117] 
   [75.82]        [88.462265]    [-12.642265]
   [158.96]       [136.50993]    [22.450073] 
   [272.02]       [286.35037]    [-14.330383]
   [49.57]        [63.54083]     [-13.970829]
   [61.92]        [62.63629]     [-0.71629333]
   [110.76]       [93.47582]     [17.28418]  
   [110.45]       [64.39656]     [46.053436] 
   [72.91]        [89.28257]     [-16.372566]
   [45.7]         [46.936665]    [-1.2366638]
   [69.51]        [71.6433]      [-2.1333008]
   [112.28]       [175.64394]    [-63.363937]
   [410.15]       [406.51096]    [3.639038]  
   [94.37]        [93.534904]    [0.83509827]
   [58.29]        [49.995834]    [8.294167]  
   [88.73]        [95.35032]     [-6.6203156]
   [131.75]       [132.67738]    [-0.9273834]
   [89.08]        [78.4038]      [10.676201] 
   [60.13]        [52.540382]    [7.5896187] 
   [79.67]        [80.565254]    [-0.89525604]
   [307.56]       [373.80127]    [-66.24127] 
   [61.26]        [65.675415]    [-4.4154167]
   [107.33]       [107.755295]   [-0.42529297]
   [95.32]        [121.61698]    [-26.296982]
   [111.67]       [103.46414]    [8.205856]  
   [207.34]       [217.71797]    [-10.377975]
   [56.42]        [51.881107]    [4.538891]  
   [105.72]       [113.693665]   [-7.9736633]
   [16.84]        [24.686502]    [-7.8465023]
   [111.64]       [116.17381]    [-4.5338135]
   [61.24]        [62.13616]     [-0.8961601]
   [57.77]        [64.01605]     [-6.246052] 
   [79.11]        [97.61711]     [-18.50711] 
   [69.99]        [72.60937]     [-2.6193695]
   [122.25]       [115.76647]    [6.483528]  
   [88.94]        [105.07711]    [-16.137108]
   [223.73]       [229.91055]    [-6.1805573]
   [88.6]         [88.114624]    [0.48537445]
   [75.36]        [61.66665]     [13.693352] 
   [71.33]        [110.49162]    [-39.16162] 
   [201.47]       [197.2998]     [4.1701965] 
   [194.51]       [168.90036]    [25.609634] 
   [113.18]       [90.91756]     [22.262444] 
