Standard Deviation of Differences: 19.026775
Mean Value of Absolute Values of Diffrences: 13.598617
Max Value of Absolute Values of Differences: 89.34476
 
  Real Values  |  Predictions  |  Differences  
   [100.44]       [96.195724]    [4.244278]  
   [147.64]       [131.81055]    [15.8294525]
   [158.36]       [151.65157]    [6.708435]  
   [68.95]        [53.836292]    [15.113705] 
   [203.13]       [204.29262]    [-1.1626129]
   [66.37]        [74.52461]     [-8.15461]  
   [55.64]        [73.264984]    [-17.624985]
   [235.14]       [223.93066]    [11.209335] 
   [118.43]       [131.29083]    [-12.860832]
   [75.95]        [71.05524]     [4.89476]   
   [204.23]       [200.70192]    [3.5280762] 
   [108.92]       [124.48792]    [-15.5679245]
   [99.75]        [88.46841]     [11.281593] 
   [126.04]       [92.51485]     [33.525154] 
   [301.44]       [306.3079]     [-4.8678894]
   [92.34]        [90.663536]    [1.6764603] 
   [79.74]        [77.14928]     [2.5907211] 
   [67.18]        [77.54769]     [-10.367691]
   [83.17]        [82.50332]     [0.6666794] 
   [93.64]        [98.582054]    [-4.9420547]
   [179.84]       [241.44933]    [-61.60933] 
   [42.04]        [73.58558]     [-31.545578]
   [87.42]        [83.75263]     [3.667366]  
   [219.21]       [262.44275]    [-43.232742]
   [148.87]       [147.34422]    [1.5257721] 
   [46.52]        [44.669422]    [1.8505783] 
   [120.84]       [93.74586]     [27.09414]  
   [121.72]       [114.89376]    [6.8262405] 
   [59.4]         [65.46367]     [-6.0636673]
   [67.19]        [78.15658]     [-10.966576]
   [221.89]       [226.88885]    [-4.9988556]
   [89.84]        [86.18638]     [3.6536179] 
   [76.76]        [76.38664]     [0.37335968]
   [102.04]       [133.7341]     [-31.6941]  
   [122.27]       [116.30017]    [5.9698257] 
   [231.51]       [213.63858]    [17.871414] 
   [79.59]        [80.69792]     [-1.1079254]
   [83.63]        [81.40103]     [2.2289658] 
   [47.56]        [47.767735]    [-0.20773315]
   [108.92]       [108.474556]   [0.4454422] 
   [145.76]       [149.20798]    [-3.4479828]
   [135.57]       [137.37502]    [-1.8050079]
   [133.34]       [127.037445]   [6.3025513] 
   [179.72]       [174.96248]    [4.7575226] 
   [105.05]       [95.06997]     [9.980034]  
   [270.71]       [233.23872]    [37.471268] 
   [119.52]       [144.8609]     [-25.340904]
   [61.72]        [65.78593]     [-4.0659256]
   [89.13]        [87.02151]     [2.10849]   
   [82.38]        [88.38696]     [-6.0069656]
   [127.71]       [119.609604]   [8.100395]  
   [114.45]       [100.545166]   [13.904831] 
   [32.07]        [34.02908]     [-1.9590797]
   [188.26]       [147.65868]    [40.60132]  
   [70.49]        [63.97093]     [6.5190697] 
   [106.43]       [115.86889]    [-9.438889] 
   [87.04]        [104.8359]     [-17.795898]
   [134.41]       [135.96545]    [-1.5554504]
   [43.67]        [76.21181]     [-32.54181] 
   [86.94]        [78.28792]     [8.652084]  
   [84.4]         [74.55061]     [9.849388]  
   [100.66]       [90.32772]     [10.332283] 
   [92.35]        [104.27772]    [-11.927719]
   [76.38]        [73.77633]     [2.6036682] 
   [74.28]        [76.75983]     [-2.479828] 
   [330.53]       [349.3957]     [-18.865692]
   [156.87]       [128.74557]    [28.12442]  
   [92.18]        [77.83532]     [14.344681] 
   [61.45]        [47.681656]    [13.768345] 
   [118.31]       [108.28076]    [10.029236] 
   [175.74]       [197.94879]    [-22.208786]
   [194.43]       [193.4948]     [0.9351959] 
   [151.29]       [112.92939]    [38.360603] 
   [92.6]         [105.81791]    [-13.217911]
   [158.4]        [129.70224]    [28.697754] 
   [48.94]        [58.64758]     [-9.707581] 
   [97.15]        [115.66198]    [-18.511978]
   [97.64]        [95.872856]    [1.7671432] 
   [144.43]       [113.23935]    [31.190643] 
   [182.83]       [175.60074]    [7.2292633] 
   [69.52]        [72.701515]    [-3.1815186]
   [52.43]        [53.230797]    [-0.8007965]
   [130.02]       [126.40089]    [3.6191177] 
   [153.61]       [122.55574]    [31.05426]  
   [117.33]       [91.814445]    [25.515556] 
   [240.16]       [220.19505]    [19.96495]  
   [50.47]        [53.812225]    [-3.3422241]
   [95.06]        [121.449295]   [-26.389297]
   [136.12]       [132.15346]    [3.9665375] 
   [92.66]        [96.98089]     [-4.3208847]
   [59.41]        [56.77961]     [2.6303902] 
   [54.65]        [63.23281]     [-8.582809] 
   [118.22]       [109.679825]   [8.540176]  
   [97.84]        [95.84994]     [1.9900589] 
   [168.16]       [157.06775]    [11.092255] 
   [88.85]        [67.37351]     [21.476486] 
   [81.16]        [79.898964]    [1.2610397] 
   [95.34]        [61.614628]    [33.72537]  
   [41.12]        [27.88554]     [13.234459] 
   [65.88]        [66.70507]     [-0.82507324]
   [227.98]       [213.42798]    [14.552017] 
   [29.16]        [37.55221]     [-8.392212] 
   [66.27]        [84.110176]    [-17.84018] 
   [90.69]        [99.04262]     [-8.352615] 
   [128.23]       [134.43532]    [-6.2053223]
   [70.54]        [74.29662]     [-3.7566223]
   [93.96]        [102.081825]   [-8.121826] 
   [160.15]       [149.37224]    [10.777756] 
   [70.42]        [76.54592]     [-6.125923] 
   [45.05]        [33.754864]    [11.2951355]
   [99.44]        [88.91092]     [10.529083] 
   [85.88]        [84.48806]     [1.3919373] 
   [323.05]       [284.3282]     [38.7218]   
   [97.87]        [116.94293]    [-19.07293] 
   [258.2]        [243.25444]    [14.945572] 
   [77.22]        [73.33226]     [3.887741]  
   [82.24]        [81.57277]     [0.6672287] 
   [33.05]        [21.109709]    [11.94029]  
   [77.01]        [93.981544]    [-16.971542]
   [146.9]        [136.54091]    [10.359085] 
   [191.5]        [193.6344]     [-2.1343994]
   [205.93]       [207.57817]    [-1.6481781]
   [121.7]        [131.60533]    [-9.905334] 
   [72.57]        [75.29176]     [-2.7217636]
   [99.82]        [101.28363]    [-1.4636307]
   [58.33]        [64.63162]     [-6.3016205]
   [222.92]       [236.58395]    [-13.663956]
   [167.11]       [242.29297]    [-75.18297] 
   [53.94]        [47.82842]     [6.11158]   
   [159.13]       [105.88599]    [53.24402]  
   [75.11]        [79.48431]     [-4.3743057]
   [93.11]        [86.4998]      [6.610199]  
   [79.28]        [65.05022]     [14.229782] 
   [132.47]       [156.86871]    [-24.398712]
   [101.93]       [90.768364]    [11.161636] 
   [98.77]        [97.45215]     [1.3178482] 
   [112.62]       [109.11962]    [3.5003815] 
   [27.31]        [26.934826]    [0.37517357]
   [51.28]        [64.83381]     [-13.55381] 
   [107.68]       [98.99886]     [8.681137]  
   [47.04]        [53.83715]     [-6.7971497]
   [79.61]        [82.14428]     [-2.5342789]
   [159.81]       [158.6372]     [1.1727905] 
   [104.68]       [104.27686]    [0.4031372] 
   [72.64]        [83.41882]     [-10.778824]
   [223.1]        [222.07304]    [1.0269623] 
   [93.1]         [85.319435]    [7.7805634] 
   [55.87]        [53.96946]     [1.9005394] 
   [69.51]        [68.259605]    [1.2503967] 
   [62.43]        [70.513245]    [-8.083244] 
   [48.94]        [72.28797]     [-23.347973]
   [172.83]       [169.46957]    [3.3604279] 
   [110.82]       [108.64957]    [2.170433]  
   [247.15]       [259.21356]    [-12.063568]
   [100.22]       [105.09167]    [-4.871666] 
   [120.26]       [105.330444]   [14.929558] 
   [75.65]        [96.61134]     [-20.961342]
   [73.97]        [73.00266]     [0.96733856]
   [210.47]       [181.28993]    [29.180069] 
   [69.01]        [77.9834]      [-8.973396] 
   [159.72]       [173.28896]    [-13.568954]
   [280.73]       [255.89377]    [24.836243] 
   [122.9]        [113.89282]    [9.007179]  
   [144.92]       [111.55014]    [33.369858] 
   [107.86]       [98.767]       [9.093002]  
   [184.43]       [190.08508]    [-5.6550903]
   [93.72]        [82.65299]     [11.067009] 
   [112.18]       [90.939186]    [21.240814] 
   [60.07]        [56.569706]    [3.5002937] 
   [115.22]       [129.60396]    [-14.383957]
   [146.58]       [137.22025]    [9.359756]  
   [212.01]       [196.40987]    [15.600128] 
   [79.76]        [83.67406]     [-3.9140549]
   [91.73]        [98.96728]     [-7.237274] 
   [61.43]        [57.951313]    [3.4786873] 
   [83.33]        [96.9552]      [-13.625198]
   [47.23]        [47.15963]     [0.07036972]
   [59.86]        [45.057076]    [14.802925] 
   [123.02]       [131.38042]    [-8.36042]  
   [229.48]       [217.06668]    [12.413315] 
   [123.06]       [146.24133]    [-23.181335]
   [86.63]        [73.47928]     [13.150719] 
   [202.49]       [149.97374]    [52.516266] 
   [128.33]       [124.12027]    [4.209732]  
   [56.07]        [59.96355]     [-3.8935509]
   [104.67]       [118.70259]    [-14.032593]
   [203.79]       [181.94305]    [21.84694]  
   [199.31]       [199.35913]    [-0.0491333]
   [201.86]       [184.33646]    [17.523544] 
   [102.86]       [117.454475]   [-14.594475]
   [80.41]        [96.64571]     [-16.23571] 
   [235.76]       [264.37137]    [-28.611374]
   [123.81]       [97.56299]     [26.24701]  
   [232.02]       [248.18146]    [-16.161453]
   [315.52]       [295.5343]     [19.985687] 
   [53.72]        [45.381794]    [8.338207]  
   [139.24]       [116.97559]    [22.264412] 
   [96.73]        [86.81944]     [9.910561]  
   [91.4]         [90.198006]    [1.2019958] 
   [91.53]        [84.41803]     [7.111969]  
   [105.74]       [87.16506]     [18.574936] 
   [297.04]       [207.69525]    [89.34476]  
   [77.6]         [87.53336]     [-9.933365] 
   [33.63]        [31.134443]    [2.4955578] 
   [76.23]        [78.26733]     [-2.037323] 
   [84.27]        [80.41426]     [3.8557358] 
   [99.74]        [84.52219]     [15.217812] 
   [91.47]        [105.715034]   [-14.245033]
   [112.05]       [119.22904]    [-7.179039] 
   [69.66]        [69.89285]     [-0.23284912]
   [67.74]        [73.88061]     [-6.1406097]
   [81.23]        [73.36676]     [7.863243]  
   [59.68]        [58.83246]     [0.8475418] 
   [53.01]        [52.40138]     [0.6086197] 
   [128.16]       [123.39962]    [4.7603836] 
   [101.56]       [147.60654]    [-46.04654] 
   [87.36]        [82.96204]     [4.397957]  
   [194.12]       [191.51616]    [2.603836]  
   [48.41]        [50.78517]     [-2.3751717]
   [72.23]        [77.98769]     [-5.7576904]
   [88.28]        [99.11913]     [-10.839134]
   [242.21]       [220.35957]    [21.850433] 
   [169.5]        [123.81355]    [45.686447] 
   [36.33]        [37.355682]    [-1.0256805]
   [186.71]       [179.67038]    [7.039627]  
   [127.52]       [173.0125]     [-45.4925]  
   [131.83]       [130.5948]     [1.235199]  
   [39.24]        [46.438114]    [-7.1981125]
   [33.65]        [37.005905]    [-3.3559036]
   [221.83]       [214.62173]    [7.208267]  
   [71.76]        [62.72953]     [9.030472]  
   [229.41]       [201.59164]    [27.81836]  
   [157.68]       [139.60106]    [18.078934] 
   [39.61]        [60.18306]     [-20.57306] 
   [122.9]        [97.74205]     [25.157951] 
   [170.27]       [98.369125]    [71.90088]  
   [81.95]        [94.53689]     [-12.586891]
   [200.72]       [212.62871]    [-11.908707]
   [83.28]        [61.318405]    [21.961594] 
   [274.17]       [208.02951]    [66.1405]   
   [172.35]       [130.52898]    [41.82103]  
   [130.44]       [102.6348]     [27.805199] 
   [100.85]       [108.92811]    [-8.07811]  
   [225.75]       [193.44775]    [32.302246] 
   [211.62]       [196.04053]    [15.579468] 
   [71.33]        [100.48534]    [-29.155334]
   [241.69]       [183.16031]    [58.529694] 
   [37.52]        [27.552504]    [9.967497]  
   [85.49]        [79.71768]     [5.772316]  
   [72.09]        [70.65953]     [1.4304657] 
   [192.98]       [175.41432]    [17.565674] 
   [44.65]        [49.872112]    [-5.2221107]
   [77.7]         [83.50311]     [-5.803116] 
   [80.54]        [74.85721]     [5.6827927] 
   [109.81]       [84.66157]     [25.14843]  
   [235.35]       [236.2198]     [-0.86979675]
   [85.71]        [90.51337]     [-4.8033676]
   [53.26]        [43.898712]    [9.361286]  
   [104.39]       [94.01557]     [10.374428] 
   [181.88]       [205.08644]    [-23.206436]
   [67.81]        [70.65548]     [-2.8454819]
   [63.23]        [71.1026]      [-7.8726006]
   [115.22]       [94.76337]     [20.456635] 
   [207.87]       [219.69937]    [-11.829376]
   [50.81]        [68.816444]    [-18.006443]
   [145.8]        [142.0088]     [3.7911987] 
   [85.]          [85.39886]     [-0.39885712]
   [111.96]       [99.34001]     [12.6199875]
   [33.87]        [25.434454]    [8.435545]  
   [159.44]       [170.92065]    [-11.480652]
   [60.13]        [63.41955]     [-3.2895508]
   [52.94]        [39.807476]    [13.132523] 
   [86.25]        [98.48269]     [-12.232689]
   [114.67]       [112.61854]    [2.0514603] 
   [109.52]       [117.75119]    [-8.231194] 
   [107.78]       [104.71677]    [3.0632324] 
   [256.82]       [247.1179]     [9.702103]  
   [101.47]       [87.06757]     [14.402428] 
   [171.39]       [154.16266]    [17.22734]  
   [107.97]       [79.89244]     [28.07756]  
   [88.04]        [70.46676]     [17.573242] 
   [47.58]        [47.060795]    [0.519207]  
   [51.86]        [109.95766]    [-58.097656]
   [156.7]        [147.98555]    [8.714447]  
   [204.72]       [167.46571]    [37.254288] 
   [250.]         [245.95454]    [4.045456]  
   [61.79]        [70.890045]    [-9.100044] 
   [52.3]         [60.704056]    [-8.404057] 
   [89.46]        [82.43094]     [7.0290604] 
   [56.57]        [73.52961]     [-16.95961] 
   [70.71]        [96.05912]     [-25.349121]
   [88.04]        [91.5544]      [-3.5143967]
   [96.33]        [104.10863]    [-7.7786255]
   [222.49]       [217.67102]    [4.818985]  
   [54.2]         [25.435984]    [28.764017] 
   [90.98]        [92.61744]     [-1.6374359]
   [129.11]       [111.919495]   [17.190506] 
   [101.5]        [96.686134]    [4.8138657] 
   [78.76]        [80.76444]     [-2.0044403]
   [81.1]         [72.6594]      [8.440598]  
   [98.35]        [78.01637]     [20.333626] 
   [90.12]        [78.11295]     [12.00705]  
   [184.48]       [172.01154]    [12.46846]  
   [86.26]        [81.46456]     [4.7954407] 
   [138.6]        [113.83015]    [24.76986]  
   [144.68]       [138.69946]    [5.98053]   
   [207.53]       [204.163]      [3.3670044] 
   [69.41]        [55.955547]    [13.454456] 
   [118.41]       [125.96109]    [-7.5510864]
   [64.15]        [92.25014]     [-28.100136]
   [46.11]        [70.06096]     [-23.950958]
   [117.42]       [109.11152]    [8.308479]  
   [120.57]       [133.6413]     [-13.071297]
   [136.97]       [127.915535]   [9.054466]  
   [207.94]       [176.00793]    [31.932068] 
   [90.26]        [115.987274]   [-25.727272]
   [72.33]        [90.694016]    [-18.364014]
   [42.7]         [65.83886]     [-23.138859]
   [101.68]       [76.75953]     [24.920471] 
   [260.85]       [265.55725]    [-4.707245] 
   [81.1]         [98.91266]     [-17.81266] 
   [106.04]       [118.80887]    [-12.7688675]
   [133.34]       [109.62328]    [23.716713] 
   [124.22]       [94.23577]     [29.98423]  
   [151.86]       [134.49583]    [17.364166] 
   [76.5]         [67.97861]     [8.521393]  
   [25.14]        [27.888487]    [-2.7484875]
   [250.75]       [236.18047]    [14.569534] 
   [65.05]        [71.54244]     [-6.4924393]
   [79.69]        [58.963394]    [20.726608] 
   [162.35]       [152.83595]    [9.514053]  
   [241.91]       [241.90672]    [0.00328064]
   [116.51]       [109.73573]    [6.774269]  
   [134.52]       [142.94882]    [-8.428818] 
   [21.11]        [32.567493]    [-11.457493]
   [173.84]       [185.4836]     [-11.6436]  
   [100.08]       [99.6523]      [0.42770386]
   [81.86]        [83.58285]     [-1.722847] 
   [153.32]       [131.87668]    [21.443329] 
   [245.71]       [204.9252]     [40.784805] 
   [92.17]        [96.96823]     [-4.798233] 
   [114.93]       [113.28504]    [1.6449585] 
   [23.62]        [25.309393]    [-1.6893921]
   [101.5]        [107.38878]    [-5.8887787]
   [242.99]       [235.02983]    [7.9601746] 
   [115.69]       [137.46889]    [-21.778885]
   [114.81]       [83.826294]    [30.983704] 
   [36.16]        [29.40355]     [6.7564507] 
   [100.02]       [93.94414]     [6.075859]  
   [279.27]       [242.12523]    [37.14476]  
   [132.04]       [114.52443]    [17.515564] 
   [113.93]       [120.11785]    [-6.187851] 
   [185.1]        [178.92125]    [6.1787567] 
   [122.94]       [119.7952]     [3.144806]  
   [110.76]       [98.36767]     [12.392334] 
   [214.92]       [203.67696]    [11.243042] 
   [68.52]        [63.02575]     [5.4942474] 
   [190.52]       [118.607925]   [71.91208]  
   [105.09]       [93.78421]     [11.305786] 
   [85.73]        [92.88032]     [-7.1503143]
   [48.52]        [51.268814]    [-2.7488136]
   [249.04]       [209.60306]    [39.436935] 
   [90.26]        [66.97525]     [23.284752] 
   [164.3]        [179.84642]    [-15.546417]
   [131.02]       [108.69875]    [22.32125]  
   [57.63]        [85.15626]     [-27.526257]
   [130.58]       [116.536415]   [14.043587] 
   [26.88]        [25.051716]    [1.8282833] 
   [60.95]        [71.5384]      [-10.588398]
   [127.66]       [132.6055]     [-4.9454956]
   [55.76]        [64.848885]    [-9.088886] 
   [118.88]       [114.614365]   [4.2656326] 
   [53.01]        [54.41545]     [-1.4054527]
   [183.08]       [141.65454]    [41.42546]  
   [99.01]        [99.362785]    [-0.3527832]
   [233.77]       [221.42406]    [12.345947] 
   [161.84]       [153.05827]    [8.781723]  
   [57.22]        [58.702805]    [-1.4828033]
   [265.4]        [257.0773]     [8.322693]  
   [104.68]       [95.73229]     [8.947708]  
   [65.37]        [81.132065]    [-15.762062]
   [204.71]       [182.32915]    [22.38086]  
   [143.66]       [153.4506]     [-9.790604] 
   [71.61]        [60.864]       [10.746002] 
   [147.24]       [155.79684]    [-8.556839] 
   [150.46]       [149.65201]    [0.80799866]
   [80.85]        [61.80463]     [19.045368] 
   [164.77]       [148.712]      [16.057999] 
   [111.2]        [101.22291]    [9.977089]  
   [65.88]        [63.59383]     [2.2861671] 
   [120.18]       [106.76773]    [13.41227]  
   [98.71]        [86.53015]     [12.179848] 
   [150.56]       [140.42833]    [10.131668] 
   [81.23]        [52.867043]    [28.36296]  
   [112.44]       [98.82566]     [13.614342] 
   [272.93]       [240.58525]    [32.34474]  
   [87.27]        [90.88794]     [-3.6179428]
   [132.92]       [132.1792]     [0.74079895]
   [134.96]       [106.99526]    [27.964745] 
   [113.18]       [115.1307]     [-1.9506989]
   [105.48]       [91.70759]     [13.772415] 
   [135.29]       [112.46565]    [22.82434]  
   [28.92]        [30.724886]    [-1.8048859]
   [260.76]       [238.30946]    [22.450546] 
   [60.93]        [74.02151]     [-13.091507]
   [72.47]        [90.680374]    [-18.210373]
   [77.37]        [72.69891]     [4.671089]  
   [234.56]       [239.75818]    [-5.198181] 
   [96.52]        [98.96655]     [-2.446556] 
   [92.45]        [98.23751]     [-5.7875137]
   [56.69]        [60.67934]     [-3.9893417]
   [126.98]       [108.319695]   [18.660309] 
   [46.86]        [50.08295]     [-3.22295]  
   [81.96]        [70.05682]     [11.903175] 
   [91.45]        [82.89173]     [8.558266]  
   [248.13]       [239.94455]    [8.185455]  
   [63.55]        [86.34754]     [-22.797543]
   [79.05]        [94.67225]     [-15.622246]
   [28.29]        [21.411152]    [6.878849]  
   [88.76]        [82.948616]    [5.811386]  
   [84.94]        [84.67854]     [0.26145935]
   [233.98]       [236.53357]    [-2.5535736]
   [169.77]       [153.86194]    [15.908066] 
   [119.99]       [109.49028]    [10.499718] 
   [23.25]        [26.372644]    [-3.1226444]
   [93.56]        [72.49054]     [21.069458] 
   [106.08]       [127.73605]    [-21.656052]
   [119.09]       [120.443634]   [-1.3536377]
   [79.16]        [10.464608]    [68.6954]   
   [69.1]         [65.27332]     [3.8266754] 
   [131.27]       [114.1388]     [17.131203] 
   [183.25]       [214.03006]    [-30.78006] 
   [106.44]       [107.22428]    [-0.78427887]
   [97.74]        [96.07189]     [1.6681061] 
   [80.96]        [80.85982]     [0.10018158]
   [59.86]        [64.054306]    [-4.1943054]
   [108.98]       [127.61292]    [-18.63292] 
   [30.06]        [40.387154]    [-10.327154]
   [59.6]         [76.83689]     [-17.236893]
   [114.28]       [129.53108]    [-15.251083]
   [110.33]       [90.75501]     [19.57499]  
   [85.49]        [88.83903]     [-3.3490295]
   [60.42]        [80.18063]     [-19.760635]
   [112.17]       [143.61263]    [-31.442627]
   [172.]         [167.595]      [4.404999]  
   [256.63]       [177.00398]    [79.62602]  
   [90.13]        [105.87542]    [-15.745422]
   [174.5]        [183.32649]    [-8.826492] 
   [59.32]        [67.60406]     [-8.284058] 
   [197.]         [186.43748]    [10.562515] 
   [61.25]        [56.558956]    [4.691044]  
   [74.15]        [78.14806]     [-3.9980621]
   [135.35]       [120.64223]    [14.707779] 
   [89.93]        [58.897278]    [31.032722] 
   [128.61]       [110.38362]    [18.22638]  
   [115.81]       [100.31421]    [15.495789] 
   [92.2]         [85.56903]     [6.630966]  
   [117.67]       [129.68214]    [-12.012146]
   [230.62]       [242.70128]    [-12.081284]
   [55.32]        [49.284355]    [6.0356445] 
   [97.22]        [112.66319]    [-15.443192]
   [76.84]        [81.467]       [-4.6270065]
   [242.27]       [220.65976]    [21.610245] 
   [126.42]       [96.04461]     [30.37539]  
   [232.6]        [210.66089]    [21.939117] 
   [113.36]       [120.54875]    [-7.188751] 
   [64.13]        [56.782627]    [7.34737]   
   [97.02]        [77.11397]     [19.906029] 
   [74.66]        [83.48515]     [-8.82515]  
   [178.6]        [144.82408]    [33.775925] 
   [42.64]        [36.578697]    [6.061302]  
   [20.69]        [12.99066]     [7.699341]  
   [166.92]       [162.353]      [4.5670013] 
   [102.75]       [74.51551]     [28.23449]  
   [57.32]        [56.648735]    [0.67126465]
   [363.11]       [391.2086]     [-28.098602]
   [32.19]        [32.527832]    [-0.3378334]
   [70.16]        [91.932945]    [-21.772942]
   [94.52]        [105.03359]    [-10.513596]
   [160.17]       [176.71277]    [-16.54277] 
   [182.95]       [178.81686]    [4.133133]  
   [53.38]        [48.404316]    [4.975685]  
   [59.3]         [71.576416]    [-12.276417]
   [49.04]        [55.09898]     [-6.058979] 
   [43.3]         [36.77747]     [6.5225296] 
   [68.27]        [70.054405]    [-1.7844086]
   [91.59]        [97.54586]     [-5.955864] 
   [72.1]         [67.25272]     [4.847275]  
   [51.75]        [51.334564]    [0.4154358] 
   [91.04]        [86.289055]    [4.750946]  
   [81.38]        [101.22703]    [-19.84703] 
   [78.1]         [74.156876]    [3.9431229] 
   [93.06]        [95.27848]     [-2.218483] 
   [135.93]       [149.615]      [-13.685013]
   [110.59]       [114.955475]   [-4.3654785]
   [187.85]       [206.60408]    [-18.754074]
   [142.1]        [111.706635]   [30.393372] 
   [59.37]        [64.02209]     [-4.652088] 
   [147.68]       [116.88317]    [30.796822] 
   [187.73]       [204.30101]    [-16.571014]
   [88.7]         [101.04407]    [-12.34407] 
   [92.43]        [87.02023]     [5.409767]  
   [82.85]        [105.16804]    [-22.318039]
   [87.16]        [87.00692]     [0.1530838] 
   [81.72]        [78.52437]     [3.195633]  
   [84.38]        [71.73027]     [12.649727] 
   [76.21]        [80.61832]     [-4.4083176]
   [60.4]         [85.33237]     [-24.932365]
   [182.68]       [170.69388]    [11.9861145]
   [104.56]       [87.07587]     [17.48413]  
   [99.79]        [104.565605]   [-4.7756042]
   [49.35]        [49.632393]    [-0.2823944]
   [258.59]       [248.55092]    [10.039078] 
   [170.79]       [150.82016]    [19.969833] 
   [202.61]       [195.96965]    [6.6403503] 
   [47.3]         [35.344494]    [11.955505] 
   [79.01]        [77.37026]     [1.63974]   
   [63.19]        [54.176105]    [9.013893]  
   [70.57]        [57.059574]    [13.510426] 
   [83.2]         [103.01022]    [-19.810226]
   [67.3]         [78.410324]    [-11.110321]
   [104.63]       [106.05386]    [-1.4238663]
   [86.06]        [86.16204]     [-0.10204315]
   [105.42]       [88.08831]     [17.331688] 
   [55.06]        [63.86605]     [-8.806049] 
   [158.62]       [115.39586]    [43.224136] 
   [105.54]       [110.33106]    [-4.7910614]
   [164.27]       [131.63736]    [32.632645] 
   [236.62]       [191.22078]    [45.399216] 
   [66.32]        [74.73155]     [-8.411552] 
   [75.44]        [78.15863]     [-2.718628] 
   [64.31]        [74.436066]    [-10.126068]
   [69.76]        [65.00906]     [4.7509384] 
   [38.86]        [54.409073]    [-15.549072]
   [217.87]       [201.20428]    [16.66571]  
   [59.24]        [67.95482]     [-8.714817] 
   [36.04]        [30.525343]    [5.514658]  
   [59.28]        [59.358692]    [-0.07869339]
   [53.93]        [62.1543]      [-8.2243]   
   [82.09]        [93.77143]     [-11.681435]
   [106.96]       [108.7842]     [-1.8242035]
   [144.72]       [145.20299]    [-0.48298645]
   [93.08]        [117.89412]    [-24.814117]
   [98.85]        [94.848656]    [4.001343]  
   [76.71]        [82.127464]    [-5.417465] 
   [239.77]       [191.22923]    [48.54077]  
   [92.11]        [89.74916]     [2.3608398] 
   [60.04]        [64.05758]     [-4.017578] 
   [71.77]        [52.652145]    [19.117851] 
   [110.45]       [89.39617]     [21.053825] 
   [103.41]       [91.36317]     [12.046837] 
   [62.49]        [60.408943]    [2.0810585] 
   [36.48]        [41.9971]      [-5.5171013]
   [69.13]        [86.79836]     [-17.668365]
   [76.94]        [105.564316]   [-28.624313]
   [98.18]        [110.714386]   [-12.534386]
   [35.31]        [30.748085]    [4.5619164] 
   [163.26]       [176.23836]    [-12.978363]
   [72.3]         [74.75645]     [-2.4564438]
   [136.28]       [122.97708]    [13.3029175]
   [96.61]        [113.09317]    [-16.48317] 
   [85.72]        [96.75991]     [-11.039909]
   [130.94]       [138.11765]    [-7.177643] 
   [110.21]       [107.81282]    [2.3971786] 
   [115.72]       [113.21975]    [2.5002518] 
   [119.19]       [126.02932]    [-6.8393173]
   [112.67]       [114.32977]    [-1.6597748]
   [136.64]       [154.96913]    [-18.329132]
   [117.66]       [104.28563]    [13.374374] 
   [108.18]       [96.74044]     [11.43956]  
   [261.85]       [218.50719]    [43.34282]  
   [176.87]       [179.24411]    [-2.374115] 
   [85.94]        [91.43873]     [-5.498726] 
   [175.33]       [178.19122]    [-2.8612213]
   [112.65]       [118.14701]    [-5.4970093]
   [88.84]        [113.581215]   [-24.741219]
   [94.02]        [107.38399]    [-13.363991]
   [118.45]       [126.92253]    [-8.472534] 
   [220.57]       [209.57193]    [10.998077] 
   [91.02]        [96.27954]     [-5.2595444]
   [217.19]       [221.41663]    [-4.2266235]
   [71.6]         [70.61661]     [0.9833908] 
   [140.69]       [91.00442]     [49.685585] 
   [94.78]        [110.631]      [-15.850998]
   [22.62]        [41.595886]    [-18.975885]
   [94.75]        [86.17999]     [8.570007]  
   [35.71]        [33.768818]    [1.9411812] 
   [42.27]        [42.14271]     [0.12728882]
   [80.67]        [68.161]       [12.508995] 
   [193.54]       [128.53416]    [65.00583]  
   [209.51]       [205.12091]    [4.389084]  
   [227.92]       [215.4362]     [12.483795] 
   [88.08]        [105.75261]    [-17.672607]
   [82.]          [91.68148]     [-9.68148]  
   [37.06]        [47.08356]     [-10.02356] 
   [101.86]       [87.072716]    [14.787285] 
   [74.9]         [93.86321]     [-18.963211]
   [77.14]        [68.02269]     [9.11731]   
   [249.02]       [246.54904]    [2.4709625] 
   [194.58]       [231.00584]    [-36.425842]
   [204.55]       [186.17635]    [18.373657] 
   [230.19]       [233.28703]    [-3.0970306]
   [115.83]       [106.91682]    [8.913185]  
   [124.7]        [133.84615]    [-9.146149] 
   [71.33]        [108.08373]    [-36.75373] 
   [58.35]        [65.02493]     [-6.6749344]
   [160.64]       [180.94278]    [-20.30278] 
   [179.98]       [177.62166]    [2.3583374] 
   [103.84]       [107.99764]    [-4.157646] 
   [96.2]         [93.21534]     [2.9846573] 
   [76.56]        [88.25834]     [-11.698341]
   [145.]         [143.94449]    [1.0555115] 
   [66.07]        [85.007515]    [-18.937515]
   [100.]         [90.780235]    [9.219765]  
   [221.87]       [172.7913]     [49.07869]  
   [100.64]       [85.10047]     [15.539528] 
   [99.79]        [115.18171]    [-15.391708]
   [126.81]       [126.78737]    [0.02262878]
   [199.67]       [166.06902]    [33.600983] 
   [84.43]        [92.78009]     [-8.35009]  
   [181.83]       [168.29398]    [13.536026] 
   [78.94]        [81.49132]     [-2.5513153]
   [80.7]         [123.32531]    [-42.625313]
   [194.12]       [179.2551]     [14.864899] 
   [60.73]        [92.65436]     [-31.924358]
   [146.91]       [150.11758]    [-3.2075806]
   [220.19]       [244.47993]    [-24.289932]
   [23.32]        [33.245007]    [-9.925007] 
   [73.89]        [86.6898]      [-12.799797]
   [293.19]       [263.32812]    [29.861877] 
   [112.63]       [114.55597]    [-1.925972] 
   [208.72]       [197.45135]    [11.268646] 
   [73.15]        [90.264]       [-17.113998]
   [112.31]       [108.58442]    [3.7255783] 
   [42.02]        [43.77162]     [-1.7516212]
   [108.16]       [110.86849]    [-2.7084885]
   [156.93]       [152.25807]    [4.671921]  
   [76.08]        [75.03372]     [1.0462799] 
   [80.25]        [95.37244]     [-15.122437]
   [110.85]       [119.72559]    [-8.875595] 
   [93.4]         [102.45738]    [-9.057381] 
   [99.16]        [110.35601]    [-11.196007]
   [137.]         [127.00989]    [9.990112]  
   [93.12]        [68.586365]    [24.533638] 
   [80.68]        [76.903725]    [3.7762756] 
   [73.88]        [96.7231]      [-22.843102]
   [132.71]       [123.63263]    [9.077377]  
   [53.4]         [58.716106]    [-5.316105] 
   [247.84]       [232.73671]    [15.103287] 
   [102.76]       [97.93179]     [4.828209]  
   [40.68]        [67.756645]    [-27.076645]
   [77.04]        [77.359344]    [-0.31934357]
   [38.85]        [44.486473]    [-5.6364746]
   [93.66]        [90.46499]     [3.195015]  
   [117.25]       [111.484604]   [5.765396]  
   [43.83]        [27.993559]    [15.836443] 
   [73.21]        [65.7826]      [7.4273987] 
   [74.53]        [85.70724]     [-11.177238]
   [65.7]         [58.46817]     [7.231827]  
   [75.43]        [88.18785]     [-12.757851]
   [253.97]       [228.70067]    [25.269333] 
   [208.62]       [183.31061]    [25.309387] 
   [154.14]       [138.29683]    [15.84317]  
   [107.6]        [145.67175]    [-38.071754]
   [146.99]       [134.59157]    [12.3984375]
   [101.88]       [102.39419]    [-0.5141907]
   [95.83]        [86.43967]     [9.390335]  
   [72.18]        [81.13796]     [-8.957962] 
   [102.98]       [100.70125]    [2.2787552] 
   [203.21]       [212.10806]    [-8.898056] 
   [109.29]       [131.89722]    [-22.607216]
   [128.72]       [145.10376]    [-16.383759]
   [234.25]       [208.83333]    [25.416672] 
   [74.37]        [73.36237]     [1.0076294] 
   [91.64]        [95.51566]     [-3.8756638]
   [130.73]       [126.62674]    [4.103256]  
   [140.51]       [118.35075]    [22.15924]  
   [116.91]       [86.088036]    [30.821968] 
   [110.33]       [101.74549]    [8.584511]  
   [77.42]        [84.27532]     [-6.855324] 
   [222.97]       [249.11133]    [-26.141327]
   [71.98]        [84.06928]     [-12.089279]
   [187.]         [247.02966]    [-60.029663]
   [125.38]       [135.06323]    [-9.683235] 
   [172.61]       [179.69406]    [-7.0840607]
   [217.1]        [205.71074]    [11.389267] 
   [120.41]       [116.28576]    [4.1242447] 
   [116.32]       [148.42632]    [-32.106316]
   [77.96]        [82.33391]     [-4.373909] 
   [83.35]        [86.44441]     [-3.0944138]
   [222.73]       [267.16245]    [-44.43245] 
   [217.01]       [215.28493]    [1.7250671] 
   [66.15]        [99.33429]     [-33.184288]
   [62.03]        [79.45706]     [-17.427063]
   [113.63]       [119.38303]    [-5.7530365]
   [197.84]       [173.6665]     [24.173492] 
   [65.5]         [61.830997]    [3.6690025] 
   [138.17]       [144.91101]    [-6.7410126]
   [62.79]        [73.61866]     [-10.828659]
   [89.04]        [110.417496]   [-21.377495]
   [122.43]       [113.95652]    [8.47348]   
   [66.1]         [67.95918]     [-1.8591843]
   [27.37]        [31.58543]     [-4.2154293]
   [77.28]        [75.95476]     [1.3252411] 
   [78.86]        [68.92111]     [9.938889]  
   [114.25]       [127.71621]    [-13.466209]
   [97.32]        [128.04063]    [-30.720634]
   [118.28]       [100.8493]     [17.430702] 
   [74.51]        [71.30651]     [3.2034912] 
   [75.08]        [76.0743]      [-0.99430084]
   [245.57]       [298.46707]    [-52.897064]
   [52.11]        [69.3438]      [-17.233803]
   [162.12]       [142.76547]    [19.354523] 
   [143.39]       [120.86083]    [22.529167] 
   [31.18]        [43.14484]     [-11.96484] 
   [130.18]       [113.802635]   [16.377357] 
   [125.01]       [115.51588]    [9.494125]  
   [102.22]       [79.55168]     [22.66832]  
   [130.71]       [94.34094]     [36.369064] 
   [49.69]        [54.995193]    [-5.305195] 
   [93.42]        [110.14692]    [-16.726921]
   [129.72]       [133.88991]    [-4.1699066]
   [78.37]        [88.65268]     [-10.282677]
   [223.17]       [224.41435]    [-1.2443542]
   [176.06]       [152.6901]     [23.369904] 
   [106.54]       [115.65514]    [-9.115143] 
   [103.72]       [102.02163]    [1.6983719] 
   [99.44]        [103.46379]    [-4.0237885]
   [259.81]       [236.71284]    [23.097153] 
   [51.76]        [44.810413]    [6.949585]  
   [191.08]       [188.32277]    [2.7572327] 
   [77.44]        [89.90688]     [-12.466881]
   [112.81]       [109.34508]    [3.46492]   
   [192.68]       [159.46031]    [33.21968]  
   [95.41]        [72.66495]     [22.745056] 
   [63.03]        [58.209694]    [4.820305]  
   [120.21]       [90.85809]     [29.351906] 
   [104.]         [156.627]      [-52.627]   
   [67.99]        [61.334473]    [6.655525]  
   [136.84]       [134.81071]    [2.0292816] 
   [85.8]         [74.63834]     [11.161659] 
   [45.7]         [54.0209]      [-8.3209]   
   [132.22]       [133.18456]    [-0.96455383]
   [206.87]       [196.85963]    [10.010361] 
   [267.58]       [251.40904]    [16.170944] 
   [228.08]       [221.62627]    [6.4537354] 
   [54.85]        [51.627113]    [3.2228851] 
   [240.3]        [185.64954]    [54.650467] 
   [32.22]        [37.425602]    [-5.2056007]
   [123.24]       [130.2798]     [-7.0398026]
   [170.74]       [91.115715]    [79.62429]  
   [95.06]        [100.45051]    [-5.3905106]
   [200.1]        [229.51471]    [-29.414703]
   [70.86]        [87.748955]    [-16.888954]
   [148.56]       [111.80099]    [36.75901]  
   [287.45]       [244.16124]    [43.288773] 
   [51.56]        [68.7832]      [-17.223202]
   [102.29]       [114.42666]    [-12.136658]
   [48.56]        [63.20272]     [-14.642719]
   [75.94]        [64.21265]     [11.727356] 
   [121.93]       [126.63705]    [-4.7070465]
   [135.65]       [129.85687]    [5.7931213] 
   [137.42]       [129.02785]    [8.392151]  
   [91.89]        [88.90807]     [2.981926]  
   [102.8]        [99.28899]     [3.5110168] 
   [235.33]       [239.38223]    [-4.052231] 
   [80.13]        [99.08178]     [-18.951782]
   [90.9]         [94.139145]    [-3.2391434]
   [129.87]       [111.09041]    [18.779587] 
   [49.93]        [55.95274]     [-6.0227394]
   [213.43]       [183.53235]    [29.897644] 
   [90.74]        [96.62867]     [-5.888672] 
   [113.35]       [89.06302]     [24.28698]  
   [213.81]       [228.6811]     [-14.871109]
   [105.72]       [100.84202]    [4.877983]  
   [119.18]       [100.123405]   [19.056595] 
   [50.65]        [48.708263]    [1.9417381] 
   [70.2]         [101.98098]    [-31.780983]
   [125.52]       [120.43105]    [5.0889435] 
   [31.64]        [41.49756]     [-9.857559] 
   [98.41]        [106.72559]    [-8.31559]  
   [102.49]       [102.856636]   [-0.36663818]
   [36.48]        [28.900503]    [7.5794964] 
   [124.5]        [110.05817]    [14.4418335]
   [141.99]       [148.98044]    [-6.9904327]
   [38.01]        [40.191086]    [-2.1810875]
   [169.88]       [171.28345]    [-1.4034424]
   [129.81]       [120.7627]     [9.047295]  
   [58.23]        [52.226105]    [6.003895]  
   [157.88]       [137.10576]    [20.774246] 
   [137.12]       [135.79408]    [1.3259125] 
   [104.11]       [122.72168]    [-18.61168] 
   [99.8]         [93.34935]     [6.450653]  
   [58.59]        [67.9357]      [-9.345699] 
   [94.31]        [79.11031]     [15.199684] 
   [72.5]         [77.63694]     [-5.13694]  
   [67.84]        [74.64549]     [-6.805496] 
   [32.92]        [46.79725]     [-13.877251]
   [151.87]       [123.24047]    [28.629524] 
   [105.95]       [76.36363]     [29.586365] 
   [158.14]       [149.10312]    [9.0368805] 
   [71.67]        [89.08693]     [-17.416931]
   [192.58]       [196.21495]    [-3.6349487]
   [83.17]        [78.06865]     [5.101349]  
   [82.56]        [75.19091]     [7.369087]  
   [70.28]        [63.271908]    [7.008091]  
   [79.37]        [111.49058]    [-32.120575]
   [94.26]        [88.36653]     [5.893471]  
   [243.08]       [215.46378]    [27.616226] 
   [163.12]       [211.64359]    [-48.52359] 
   [169.88]       [238.23642]    [-68.356415]
   [64.05]        [39.922844]    [24.12716]  
   [257.]         [291.5856]     [-34.5856]  
   [122.83]       [181.67282]    [-58.84282] 
   [98.11]        [112.123695]   [-14.013695]
   [118.2]        [117.759766]   [0.44023132]
   [80.95]        [85.38175]     [-4.431755] 
   [245.79]       [228.03113]    [17.758865] 
   [32.35]        [47.09331]     [-14.743313]
   [50.85]        [87.880226]    [-37.030228]
   [48.48]        [58.868603]    [-10.388603]
   [136.29]       [117.47153]    [18.818466] 
   [171.47]       [169.33539]    [2.134613]  
   [98.69]        [98.62048]     [0.06951904]
   [69.58]        [57.73852]     [11.84148]  
   [102.04]       [102.19058]    [-0.15058136]
   [93.25]        [85.12053]     [8.129471]  
   [76.31]        [71.207954]    [5.102043]  
   [68.43]        [69.473976]    [-1.0439758]
   [83.96]        [75.19921]     [8.760788]  
   [82.51]        [102.6771]     [-20.167099]
   [109.29]       [95.20957]     [14.080429] 
   [186.09]       [177.14359]    [8.946411]  
   [210.19]       [184.01036]    [26.179642] 
   [86.44]        [100.65588]    [-14.215881]
   [104.91]       [113.52592]    [-8.615913] 
   [65.17]        [72.39201]     [-7.2220154]
   [27.34]        [23.704185]    [3.6358147] 
   [119.75]       [192.7958]     [-73.04581] 
   [89.95]        [92.62264]     [-2.6726456]
   [67.37]        [63.98834]     [3.3816643] 
   [19.86]        [22.332891]    [-2.4728909]
   [129.74]       [138.29613]    [-8.556122] 
   [206.12]       [173.75685]    [32.363144] 
   [202.69]       [178.73459]    [23.955414] 
   [97.51]        [82.596596]    [14.913406] 
   [131.14]       [133.27797]    [-2.13797]  
   [152.38]       [129.35411]    [23.025894] 
   [202.91]       [212.96046]    [-10.050461]
   [154.]         [158.69278]    [-4.6927795]
   [101.14]       [111.58102]    [-10.441017]
   [81.71]        [92.61957]     [-10.909569]
   [88.58]        [59.229248]    [29.350754] 
   [217.55]       [208.751]      [8.798996]  
   [121.75]       [138.24916]    [-16.49916] 
   [158.58]       [166.71132]    [-8.131317] 
   [87.9]         [97.08132]     [-9.18132]  
   [134.26]       [138.89024]    [-4.630249] 
   [55.83]        [53.40566]     [2.424343]  
   [110.77]       [115.03038]    [-4.2603836]
   [222.39]       [227.37471]    [-4.9847107]
   [16.36]        [28.704056]    [-12.344055]
   [72.16]        [76.57166]     [-4.4116592]
   [258.53]       [240.75208]    [17.777924] 
   [189.81]       [195.77965]    [-5.9696503]
   [75.82]        [87.765495]    [-11.945496]
   [89.21]        [98.66259]     [-9.452591] 
   [38.47]        [39.85177]     [-1.3817673]
   [141.56]       [134.86877]    [6.691223]  
   [101.13]       [108.8437]     [-7.7136993]
   [52.66]        [56.628227]    [-3.9682274]
   [81.01]        [78.861595]    [2.148407]  
   [35.94]        [46.544777]    [-10.604778]
   [110.06]       [117.00736]    [-6.947365] 
   [142.72]       [110.15827]    [32.56173]  
   [56.71]        [56.395412]    [0.31458664]
   [73.43]        [79.25783]     [-5.8278275]
   [192.91]       [197.97443]    [-5.0644226]
   [132.14]       [88.69243]     [43.44757]  
   [92.33]        [99.631615]    [-7.301613] 
   [86.06]        [78.38785]     [7.6721497] 
   [164.01]       [165.95439]    [-1.944397] 
   [119.95]       [120.85204]    [-0.9020462]
   [146.93]       [155.59036]    [-8.66037]  
   [73.2]         [95.16923]     [-21.96923] 
   [268.83]       [268.5665]     [0.26348877]
   [48.78]        [60.944813]    [-12.164814]
   [206.76]       [166.74716]    [40.012833] 
   [100.57]       [99.00371]     [1.5662918] 
   [129.67]       [121.992]      [7.6780014] 
   [174.55]       [159.7482]     [14.801804] 
   [95.81]        [105.655266]   [-9.845268] 
   [44.05]        [42.279625]    [1.7703743] 
   [84.18]        [78.369576]    [5.810425]  
   [80.76]        [87.44133]     [-6.681328] 
   [222.06]       [239.85373]    [-17.793732]
   [31.12]        [17.963224]    [13.156776] 
   [105.47]       [106.80884]    [-1.3388367]
   [94.04]        [103.907104]   [-9.867104] 
   [64.07]        [45.368996]    [18.701004] 
   [62.81]        [79.824524]    [-17.014523]
   [54.14]        [60.34015]     [-6.2001495]
   [80.26]        [84.226875]    [-3.9668732]
   [117.69]       [131.38054]    [-13.6905365]
   [122.23]       [125.11799]    [-2.8879852]
   [162.11]       [177.9037]     [-15.793701]
   [78.66]        [80.62085]     [-1.960846] 
   [175.81]       [166.64566]    [9.164337]  
   [93.81]        [105.42343]    [-11.613434]
   [95.92]        [96.9372]      [-1.0172043]
   [44.92]        [43.774643]    [1.1453552] 
   [60.2]         [72.41158]     [-12.211582]
   [198.71]       [195.34094]    [3.3690643] 
   [134.26]       [119.02854]    [15.231453] 
   [104.14]       [99.50534]     [4.634659]  
   [22.44]        [24.18259]     [-1.74259]  
   [145.98]       [131.34013]    [14.639862] 
   [57.87]        [67.03034]     [-9.160343] 
   [107.49]       [69.92026]     [37.56974]  
   [32.6]         [40.096764]    [-7.496765] 
   [64.75]        [53.7476]      [11.002399] 
   [158.12]       [170.51826]    [-12.39827] 
   [109.89]       [107.52423]    [2.3657684] 
   [138.92]       [152.4049]     [-13.484909]
   [262.6]        [226.66899]    [35.931015] 
   [52.25]        [56.726715]    [-4.476715] 
   [77.93]        [112.81502]    [-34.885017]
   [132.26]       [103.50592]    [28.754074] 
   [98.56]        [99.81286]     [-1.252861] 
   [81.1]         [81.19953]     [-0.09953308]
   [46.49]        [43.172745]    [3.317257]  
   [62.41]        [58.847393]    [3.5626068] 
   [266.25]       [269.44522]    [-3.195221] 
   [104.39]       [94.10187]     [10.288132] 
   [193.93]       [184.06248]    [9.867508]  
   [61.95]        [84.2222]      [-22.272198]
   [226.21]       [223.52069]    [2.6893158] 
   [79.35]        [92.35561]     [-13.005615]
   [38.91]        [63.5307]      [-24.6207]  
   [156.8]        [133.29852]    [23.50148]  
   [122.48]       [131.38858]    [-8.908577] 
   [198.1]        [196.92323]    [1.1767731] 
   [218.8]        [195.30832]    [23.491684] 
   [75.11]        [77.37754]     [-2.26754]  
   [235.94]       [213.35591]    [22.584091] 
   [77.97]        [84.794106]    [-6.8241043]
   [93.2]         [115.49564]    [-22.295647]
   [87.01]        [44.927536]    [42.082466] 
   [190.52]       [177.61172]    [12.908279] 
   [126.7]        [85.526665]    [41.173332] 
   [100.15]       [62.330242]    [37.81976]  
   [39.75]        [24.74877]     [15.00123]  
   [98.99]        [92.31223]     [6.677765]  
   [58.04]        [53.786453]    [4.2535477] 
   [292.48]       [269.6107]     [22.869324] 
   [19.89]        [25.594883]    [-5.7048836]
   [46.54]        [49.825336]    [-3.2853355]
   [76.79]        [47.54726]     [29.24274]  
   [125.54]       [66.654816]    [58.885185] 
   [164.98]       [131.34477]    [33.635223] 
   [198.36]       [207.52835]    [-9.16835]  
   [75.9]         [64.56672]     [11.333282] 
   [180.29]       [184.94722]    [-4.6572266]
   [120.82]       [118.228065]   [2.5919342] 
   [111.09]       [108.98241]    [2.1075897] 
   [170.47]       [245.86978]    [-75.39978] 
   [163.95]       [164.52057]    [-0.5705719]
   [47.53]        [37.265522]    [10.264477] 
   [152.52]       [117.84858]    [34.671425] 
   [31.38]        [33.04404]     [-1.6640415]
   [78.19]        [82.140656]    [-3.950653] 
   [143.45]       [167.60403]    [-24.154037]
   [108.32]       [114.65643]    [-6.3364334]
   [35.87]        [16.057936]    [19.812063] 
   [72.33]        [80.88905]     [-8.5590515]
   [39.8]         [82.45249]     [-42.652493]
   [123.8]        [124.188614]   [-0.38861084]
   [80.33]        [93.15619]     [-12.826187]
   [101.71]       [117.0026]     [-15.292603]
   [71.96]        [90.53639]     [-18.576393]
   [59.33]        [80.96954]     [-21.639542]
   [93.05]        [93.89034]     [-0.84033966]
   [68.06]        [85.0783]      [-17.018303]
   [80.52]        [74.45674]     [6.0632553] 
   [101.81]       [124.992134]   [-23.182137]
   [132.78]       [124.486786]   [8.293213]  
   [92.54]        [83.66133]     [8.87867]   
   [46.34]        [43.719296]    [2.6207047] 
   [256.78]       [236.81534]    [19.96466]  
   [60.25]        [60.519386]    [-0.2693863]
   [135.31]       [182.93275]    [-47.622757]
   [224.28]       [205.0419]     [19.238098] 
   [83.13]        [90.289955]    [-7.159958] 
   [105.21]       [115.913574]   [-10.703575]
   [230.66]       [194.85521]    [35.804794] 
   [160.76]       [159.99129]    [0.7687073] 
   [102.15]       [109.35119]    [-7.201187] 
   [135.47]       [137.2808]     [-1.8108063]
   [70.38]        [81.78584]     [-11.405846]
   [103.77]       [104.768105]   [-0.9981079]
   [125.19]       [150.27083]    [-25.080826]
   [66.61]        [74.646736]    [-8.036736] 
   [65.27]        [77.945114]    [-12.6751175]
   [47.42]        [52.415028]    [-4.9950294]
   [244.5]        [262.23007]    [-17.730072]
   [90.47]        [83.94031]     [6.5296936] 
   [77.08]        [80.37733]     [-3.2973251]
   [113.58]       [65.74145]     [47.838554] 
   [204.36]       [193.0886]     [11.271408] 
   [62.73]        [43.927963]    [18.802036] 
   [203.37]       [228.00075]    [-24.630753]
   [41.38]        [54.28586]     [-12.905857]
   [89.99]        [90.8965]      [-0.90650177]
   [162.34]       [167.0899]     [-4.7499084]
   [93.12]        [89.57317]     [3.5468292] 
   [174.71]       [187.66235]    [-12.952347]
   [184.83]       [182.73973]    [2.090271]  
   [125.03]       [82.824745]    [42.205254] 
   [88.26]        [104.55713]    [-16.297127]
   [61.19]        [64.185394]    [-2.9953957]
   [292.57]       [266.84033]    [25.729675] 
   [166.11]       [168.4781]     [-2.368103] 
   [177.92]       [92.3624]      [85.5576]   
   [128.69]       [102.371216]   [26.318787] 
   [104.6]        [104.667694]   [-0.06769562]
   [202.86]       [210.11359]    [-7.253586] 
   [75.45]        [78.98531]     [-3.5353165]
   [210.43]       [164.93765]    [45.49234]  
   [95.33]        [103.09411]    [-7.7641068]
   [18.35]        [20.302217]    [-1.9522171]
   [225.34]       [223.30789]    [2.0321045] 
   [46.43]        [46.750546]    [-0.3205452]
   [212.88]       [203.13113]    [9.748871]  
   [101.03]       [90.559685]    [10.470314] 
   [92.81]        [125.29227]    [-32.48227] 
   [76.57]        [83.03374]     [-6.4637375]
   [166.95]       [137.41205]    [29.537949] 
   [46.34]        [62.826477]    [-16.486477]
   [223.56]       [210.31416]    [13.245834] 
   [39.87]        [39.10744]     [0.762558]  
   [252.35]       [244.70396]    [7.646042]  
   [76.17]        [69.28304]     [6.8869553] 
   [74.45]        [72.28509]     [2.1649094] 
   [151.43]       [191.2519]     [-39.821915]
   [71.95]        [19.599703]    [52.350296] 
   [86.53]        [65.82641]     [20.70359]  
   [323.05]       [352.08545]    [-29.035461]
   [114.83]       [107.842575]   [6.9874268] 
   [50.43]        [55.198948]    [-4.7689476]
   [160.08]       [131.21867]    [28.861328] 
   [74.9]         [82.20184]     [-7.3018417]
   [75.01]        [89.48413]     [-14.474129]
   [118.24]       [112.99539]    [5.244606]  
   [290.6]        [273.16266]    [17.437347] 
   [299.6]        [254.76602]    [44.833984] 
   [97.15]        [86.89749]     [10.25251]  
   [75.09]        [68.71728]     [6.372719]  
   [59.5]         [52.339302]    [7.160698]  
   [111.3]        [108.148224]   [3.1517792] 
   [59.29]        [87.963005]    [-28.673004]
   [103.05]       [78.42986]     [24.62014]  
   [124.42]       [131.62727]    [-7.2072754]
   [272.22]       [238.41075]    [33.80925]  
   [95.8]         [120.46882]    [-24.668816]
   [189.6]        [184.4201]     [5.179901]  
   [62.91]        [57.994625]    [4.9153748] 
   [59.02]        [60.031723]    [-1.0117226]
   [101.]         [112.29773]    [-11.2977295]
   [104.27]       [116.01274]    [-11.742744]
   [123.17]       [107.63706]    [15.532936] 
   [72.42]        [103.127396]   [-30.707397]
   [253.61]       [238.62225]    [14.987747] 
   [64.32]        [50.708836]    [13.611164] 
   [94.5]         [97.580124]    [-3.080124] 
   [284.73]       [242.91812]    [41.81189]  
   [77.68]        [82.79274]     [-5.1127396]
   [114.02]       [114.81877]    [-0.7987747]
   [53.07]        [79.064255]    [-25.994255]
   [239.41]       [220.67654]    [18.73346]  
   [54.39]        [53.61487]     [0.7751312] 
   [208.74]       [207.99312]    [0.7468872] 
   [119.89]       [94.933495]    [24.956505] 
   [52.49]        [76.93057]     [-24.44057] 
   [77.22]        [89.01662]     [-11.796616]
   [272.02]       [265.8061]     [6.2138977] 
   [108.92]       [117.33021]    [-8.41021]  
   [121.73]       [137.226]      [-15.495995]
   [81.05]        [86.63348]     [-5.583473] 
   [94.53]        [72.74866]     [21.781342] 
   [186.24]       [259.2852]     [-73.04518] 
   [210.93]       [209.4416]     [1.4883881] 
   [129.83]       [154.12057]    [-24.290573]
   [226.42]       [168.53975]    [57.88025]  
   [77.46]        [78.44575]     [-0.9857483]
   [90.1]         [70.45958]     [19.640419] 
   [285.09]       [253.06425]    [32.02574]  
   [168.03]       [198.69437]    [-30.664368]
   [59.34]        [85.787964]    [-26.447964]
   [98.6]         [78.393715]    [20.206284] 
   [237.72]       [230.04454]    [7.675461]  
   [108.65]       [107.192116]   [1.4578857] 
   [39.27]        [55.597275]    [-16.327274]
   [26.11]        [22.67672]     [3.433281]  
   [63.91]        [77.86417]     [-13.954166]
   [103.98]       [98.74926]     [5.2307434] 
   [129.74]       [132.60016]    [-2.8601532]
   [80.85]        [70.49913]     [10.350868] 
   [140.82]       [171.29411]    [-30.474106]
   [80.61]        [73.528]       [7.0820007] 
   [29.89]        [30.30833]     [-0.41833115]
   [103.66]       [100.29553]    [3.3644714] 
   [62.14]        [62.959175]    [-0.8191757]
   [96.58]        [93.760864]    [2.8191376] 
   [41.01]        [52.492027]    [-11.482029]
   [134.7]        [126.24626]    [8.453735]  
   [62.06]        [57.343174]    [4.7168274] 
   [105.94]       [91.07139]     [14.868614] 
   [84.13]        [86.799416]    [-2.6694183]
   [87.06]        [45.07263]     [41.987366] 
   [148.]         [148.41132]    [-0.41131592]
   [270.28]       [289.68927]    [-19.409271]
   [89.06]        [78.16963]     [10.890366] 
   [116.68]       [114.84414]    [1.8358612] 
   [155.24]       [130.45908]    [24.78093]  
   [77.64]        [85.25918]     [-7.619179] 
   [254.78]       [206.77664]    [48.003357] 
   [64.36]        [62.851173]    [1.5088272] 
   [79.29]        [50.313927]    [28.976074] 
   [64.05]        [59.283596]    [4.766407]  
   [113.95]       [106.61801]    [7.3319855] 
   [81.5]         [68.3056]      [13.194397] 
   [91.07]        [94.647064]    [-3.5770645]
   [210.92]       [246.63187]    [-35.71187] 
   [193.89]       [224.54199]    [-30.651993]
   [59.95]        [47.03215]     [12.9178505]
   [134.21]       [109.37631]    [24.833694] 
   [141.24]       [141.72202]    [-0.4820099]
   [107.81]       [113.32214]    [-5.512146] 
   [72.85]        [68.4504]      [4.399597]  
   [71.06]        [73.33164]     [-2.2716446]
   [98.]          [113.23643]    [-15.236427]
   [247.7]        [251.60101]    [-3.9010162]
   [84.03]        [91.64199]     [-7.611992] 
   [28.09]        [42.876507]    [-14.786507]
   [87.17]        [86.95153]     [0.21846771]
   [70.46]        [80.99455]     [-10.534554]
   [42.96]        [38.33015]     [4.6298485] 
   [104.32]       [112.66291]    [-8.342911] 
   [88.33]        [89.11865]     [-0.7886505]
   [117.8]        [97.55868]     [20.241325] 
   [52.27]        [62.294952]    [-10.024952]
   [50.26]        [41.365692]    [8.894306]  
   [177.3]        [204.90152]    [-27.601517]
   [70.34]        [79.359795]    [-9.019798] 
   [67.51]        [57.876705]    [9.633297]  
   [86.82]        [62.70914]     [24.110859] 
   [228.22]       [192.45859]    [35.761414] 
   [147.12]       [127.85926]    [19.260735] 
   [70.3]         [61.3069]      [8.993103]  
   [84.66]        [90.86801]     [-6.208008] 
   [83.5]         [90.281555]    [-6.781555] 
   [59.59]        [81.6499]      [-22.059902]
   [92.96]        [92.21031]     [0.7496872] 
   [124.43]       [146.5332]     [-22.103203]
   [62.42]        [63.399296]    [-0.97929764]
   [68.27]        [75.72113]     [-7.4511337]
   [236.44]       [227.4626]     [8.977402]  
   [81.66]        [72.43301]     [9.226997]  
   [180.73]       [202.168]      [-21.438004]
   [131.06]       [173.0492]     [-41.989197]
   [117.48]       [149.2461]     [-31.76609] 
   [151.39]       [137.50021]    [13.889786] 
   [70.75]        [103.11667]    [-32.36667] 
   [85.09]        [98.4891]      [-13.399101]
   [85.62]        [58.417667]    [27.202335] 
   [37.28]        [40.465176]    [-3.1851768]
   [79.64]        [83.906265]    [-4.266266] 
   [19.77]        [27.707226]    [-7.9372253]
   [177.45]       [173.99606]    [3.4539337] 
   [155.18]       [156.39232]    [-1.212326] 
   [85.87]        [80.921906]    [4.948097]  
   [51.81]        [56.23687]     [-4.4268684]
   [114.43]       [111.40703]    [3.022972]  
   [75.97]        [93.518524]    [-17.548523]
   [96.05]        [68.76153]     [27.288475] 
   [108.28]       [99.81229]     [8.467712]  
   [81.25]        [77.47426]     [3.7757416] 
   [153.4]        [143.66504]    [9.734955]  
   [35.37]        [21.423248]    [13.946751] 
   [234.74]       [303.98065]    [-69.24065] 
   [171.67]       [118.30288]    [53.36712]  
   [92.66]        [72.30292]     [20.357086] 
   [84.66]        [62.288612]    [22.371391] 
   [117.87]       [116.5152]     [1.354805]  
   [88.34]        [112.362335]   [-24.022339]
   [87.69]        [89.15658]     [-1.4665756]
   [59.59]        [60.488438]    [-0.8984375]
   [63.51]        [87.52062]     [-24.010624]
   [113.59]       [120.253456]   [-6.66346]  
   [72.66]        [83.03909]     [-10.379089]
   [84.41]        [81.189735]    [3.2202682] 
   [95.44]        [107.939606]   [-12.499603]
   [88.29]        [77.684975]    [10.605026] 
   [85.06]        [83.0806]      [1.9794006] 
   [269.21]       [262.1534]     [7.0565796] 
   [112.4]        [110.34987]    [2.0501328] 
   [163.3]        [154.46368]    [8.836319]  
   [88.49]        [78.508514]    [9.981483]  
   [75.04]        [87.728935]    [-12.688934]
   [101.54]       [89.19588]     [12.344124] 
   [149.01]       [139.96898]    [9.041016]  
   [168.53]       [169.23224]    [-0.70224]  
   [86.11]        [110.86731]    [-24.757309]
   [81.67]        [86.53801]     [-4.8680115]
   [226.37]       [222.07957]    [4.2904205] 
   [236.59]       [236.93077]    [-0.34077454]
   [249.61]       [200.76004]    [48.84996]  
   [66.13]        [77.46056]     [-11.330566]
   [140.92]       [118.99743]    [21.92257]  
   [142.46]       [162.36092]    [-19.90091] 
   [99.81]        [95.019424]    [4.790573]  
   [103.28]       [118.9356]     [-15.6556015]
   [103.29]       [103.14945]    [0.1405487] 
   [179.15]       [153.43025]    [25.719742] 
   [69.4]         [66.00056]     [3.3994446] 
   [333.65]       [254.869]      [78.78099]  
   [82.76]        [83.11298]     [-0.35298157]
   [115.77]       [110.232796]   [5.537201]  
   [22.74]        [17.491596]    [5.2484035] 
   [96.75]        [109.59816]    [-12.84816] 
   [125.13]       [121.41814]    [3.7118607] 
   [26.52]        [48.181404]    [-21.661404]
   [121.2]        [94.33346]     [26.866539] 
   [103.08]       [83.849915]    [19.230087] 
   [74.72]        [73.65545]     [1.0645523] 
   [105.88]       [109.20496]    [-3.3249664]
   [152.12]       [152.21239]    [-0.09239197]
   [120.87]       [113.727585]   [7.142418]  
   [95.99]        [74.371925]    [21.618073] 
   [62.68]        [63.432762]    [-0.75276184]
   [97.79]        [108.145256]   [-10.355255]
   [76.09]        [70.8259]      [5.264099]  
   [135.19]       [119.19236]    [15.9976425]
   [89.8]         [94.44335]     [-4.6433487]
   [183.05]       [161.7269]     [21.323105] 
   [104.54]       [110.54125]    [-6.001251] 
   [95.65]        [113.31351]    [-17.663506]
   [75.47]        [92.85537]     [-17.385368]
   [58.87]        [62.500233]    [-3.6302338]
   [82.07]        [84.71191]     [-2.6419067]
   [175.33]       [171.46999]    [3.8600159] 
   [110.26]       [109.72147]    [0.53852844]
   [238.29]       [231.66408]    [6.6259155] 
   [154.1]        [226.65034]    [-72.55034] 
   [243.28]       [236.06044]    [7.2195587] 
   [265.91]       [296.8585]     [-30.948486]
   [57.08]        [67.28365]     [-10.203651]
   [104.24]       [98.787125]    [5.452873]  
   [165.78]       [172.31703]    [-6.537033] 
   [81.22]        [70.8028]      [10.417198] 
   [52.89]        [61.01225]     [-8.12225]  
   [72.99]        [79.454]       [-6.4640045]
   [269.73]       [255.31465]    [14.4153595]
   [83.37]        [88.08405]     [-4.7140503]
   [90.9]         [73.46254]     [17.437462] 
   [113.4]        [102.328415]   [11.071587] 
   [76.44]        [76.87838]     [-0.43837738]
   [99.86]        [111.00725]    [-11.147247]
   [221.87]       [231.67401]    [-9.804016] 
   [217.4]        [169.4137]     [47.986298] 
   [107.66]       [118.28319]    [-10.623184]
   [126.86]       [98.28544]     [28.574562] 
   [266.37]       [227.15105]    [39.21895]  
   [107.06]       [95.40906]     [11.65094]  
   [74.61]        [80.59196]     [-5.9819565]
   [71.39]        [70.01861]     [1.3713913] 
   [182.24]       [171.50221]    [10.737793] 
   [259.71]       [291.0484]     [-31.33841] 
   [231.92]       [192.09358]    [39.826416] 
   [57.14]        [76.581276]    [-19.441277]
   [205.21]       [177.4451]     [27.764908] 
   [143.2]        [164.66954]    [-21.469543]
   [180.04]       [135.50797]    [44.53203]  
   [215.73]       [217.28964]    [-1.5596466]
   [42.66]        [54.372658]    [-11.712658]
   [74.83]        [70.12021]     [4.709793]  
   [136.47]       [141.61742]    [-5.147415] 
   [188.86]       [198.41988]    [-9.5598755]
   [53.02]        [53.666893]    [-0.64689255]
   [206.58]       [179.53549]    [27.04451]  
   [99.58]        [77.91133]     [21.66867]  
   [77.57]        [77.71545]     [-0.14544678]
